/*--------------------------------*- C++ -*----------------------------------*\
| =========                 |                                                 |
| \\      /  F ield         | foam-extend: Open Source CFD                    |
|  \\    /   O peration     | Version:     4.1                                |
|   \\  /    A nd           | Web:         http://www.foam-extend.org         |
|    \\/     M anipulation  |                                                 |
\*---------------------------------------------------------------------------*/
FoamFile
{
    version     2.0;
    format      ascii;
    class       vectorField;
    location    "constant/polyMesh";
    object      points;
}
// * * * * * * * * * * * * * * * * * * * * * * * * * * * * * * * * * * * * * //


4182
(
(-0.05 0 -0.005)
(-0.0475 0 -0.005)
(-0.045 0 -0.005)
(-0.0425 0 -0.005)
(-0.04 0 -0.005)
(-0.0375 0 -0.005)
(-0.035 0 -0.005)
(-0.0325 0 -0.005)
(-0.03 0 -0.005)
(-0.0275 0 -0.005)
(-0.025 0 -0.005)
(-0.0225 0 -0.005)
(-0.02 0 -0.005)
(-0.0175 0 -0.005)
(-0.015 0 -0.005)
(-0.0125 0 -0.005)
(-0.01 0 -0.005)
(-0.0075 0 -0.005)
(-0.005 0 -0.005)
(-0.0025 0 -0.005)
(0 0 -0.005)
(0.0025 0 -0.005)
(0.005 0 -0.005)
(0.0075 0 -0.005)
(0.01 0 -0.005)
(0.0125 0 -0.005)
(0.015 0 -0.005)
(0.0175 0 -0.005)
(0.02 0 -0.005)
(0.0225 0 -0.005)
(0.025 0 -0.005)
(0.0275 0 -0.005)
(0.03 0 -0.005)
(0.0325 0 -0.005)
(0.035 0 -0.005)
(0.0375 0 -0.005)
(0.04 0 -0.005)
(0.0425 0 -0.005)
(0.045 0 -0.005)
(0.0475 0 -0.005)
(0.05 0 -0.005)
(-0.051 0.004 -0.005)
(-0.04845 0.004 -0.005)
(-0.0459 0.004 -0.005)
(-0.04335 0.004 -0.005)
(-0.0408 0.004 -0.005)
(-0.03825 0.004 -0.005)
(-0.0357 0.004 -0.005)
(-0.03315 0.004 -0.005)
(-0.0306 0.004 -0.005)
(-0.02805 0.004 -0.005)
(-0.0255 0.004 -0.005)
(-0.02295 0.004 -0.005)
(-0.0204 0.004 -0.005)
(-0.01785 0.004 -0.005)
(-0.0153 0.004 -0.005)
(-0.01275 0.004 -0.005)
(-0.0102 0.004 -0.005)
(-0.00765 0.004 -0.005)
(-0.0051 0.004 -0.005)
(-0.00255 0.004 -0.005)
(0 0.004 -0.005)
(0.00255 0.004 -0.005)
(0.0051 0.004 -0.005)
(0.00765 0.004 -0.005)
(0.0102 0.004 -0.005)
(0.01275 0.004 -0.005)
(0.0153 0.004 -0.005)
(0.01785 0.004 -0.005)
(0.0204 0.004 -0.005)
(0.02295 0.004 -0.005)
(0.0255 0.004 -0.005)
(0.02805 0.004 -0.005)
(0.0306 0.004 -0.005)
(0.03315 0.004 -0.005)
(0.0357 0.004 -0.005)
(0.03825 0.004 -0.005)
(0.0408 0.004 -0.005)
(0.04335 0.004 -0.005)
(0.0459 0.004 -0.005)
(0.04845 0.004 -0.005)
(0.051 0.004 -0.005)
(-0.052 0.008 -0.005)
(-0.0494 0.008 -0.005)
(-0.0468 0.008 -0.005)
(-0.0442 0.008 -0.005)
(-0.0416 0.008 -0.005)
(-0.039 0.008 -0.005)
(-0.0364 0.008 -0.005)
(-0.0338 0.008 -0.005)
(-0.0312 0.008 -0.005)
(-0.0286 0.008 -0.005)
(-0.026 0.008 -0.005)
(-0.0234 0.008 -0.005)
(-0.0208 0.008 -0.005)
(-0.0182 0.008 -0.005)
(-0.0156 0.008 -0.005)
(-0.013 0.008 -0.005)
(-0.0104 0.008 -0.005)
(-0.0078 0.008 -0.005)
(-0.0052 0.008 -0.005)
(-0.0026 0.008 -0.005)
(0 0.008 -0.005)
(0.0026 0.008 -0.005)
(0.0052 0.008 -0.005)
(0.0078 0.008 -0.005)
(0.0104 0.008 -0.005)
(0.013 0.008 -0.005)
(0.0156 0.008 -0.005)
(0.0182 0.008 -0.005)
(0.0208 0.008 -0.005)
(0.0234 0.008 -0.005)
(0.026 0.008 -0.005)
(0.0286 0.008 -0.005)
(0.0312 0.008 -0.005)
(0.0338 0.008 -0.005)
(0.0364 0.008 -0.005)
(0.039 0.008 -0.005)
(0.0416 0.008 -0.005)
(0.0442 0.008 -0.005)
(0.0468 0.008 -0.005)
(0.0494 0.008 -0.005)
(0.052 0.008 -0.005)
(-0.053 0.012 -0.005)
(-0.05035 0.012 -0.005)
(-0.0477 0.012 -0.005)
(-0.04505 0.012 -0.005)
(-0.0424 0.012 -0.005)
(-0.03975 0.012 -0.005)
(-0.0371 0.012 -0.005)
(-0.03445 0.012 -0.005)
(-0.0318 0.012 -0.005)
(-0.02915 0.012 -0.005)
(-0.0265 0.012 -0.005)
(-0.02385 0.012 -0.005)
(-0.0212 0.012 -0.005)
(-0.01855 0.012 -0.005)
(-0.0159 0.012 -0.005)
(-0.01325 0.012 -0.005)
(-0.0106 0.012 -0.005)
(-0.00795 0.012 -0.005)
(-0.0053 0.012 -0.005)
(-0.00265 0.012 -0.005)
(0 0.012 -0.005)
(0.00265 0.012 -0.005)
(0.0053 0.012 -0.005)
(0.00795 0.012 -0.005)
(0.0106 0.012 -0.005)
(0.01325 0.012 -0.005)
(0.0159 0.012 -0.005)
(0.01855 0.012 -0.005)
(0.0212 0.012 -0.005)
(0.02385 0.012 -0.005)
(0.0265 0.012 -0.005)
(0.02915 0.012 -0.005)
(0.0318 0.012 -0.005)
(0.03445 0.012 -0.005)
(0.0371 0.012 -0.005)
(0.03975 0.012 -0.005)
(0.0424 0.012 -0.005)
(0.04505 0.012 -0.005)
(0.0477 0.012 -0.005)
(0.05035 0.012 -0.005)
(0.053 0.012 -0.005)
(-0.054 0.016 -0.005)
(-0.0513 0.016 -0.005)
(-0.0486 0.016 -0.005)
(-0.0459 0.016 -0.005)
(-0.0432 0.016 -0.005)
(-0.0405 0.016 -0.005)
(-0.0378 0.016 -0.005)
(-0.0351 0.016 -0.005)
(-0.0324 0.016 -0.005)
(-0.0297 0.016 -0.005)
(-0.027 0.016 -0.005)
(-0.0243 0.016 -0.005)
(-0.0216 0.016 -0.005)
(-0.0189 0.016 -0.005)
(-0.0162 0.016 -0.005)
(-0.0135 0.016 -0.005)
(-0.0108 0.016 -0.005)
(-0.0081 0.016 -0.005)
(-0.0054 0.016 -0.005)
(-0.0027 0.016 -0.005)
(0 0.016 -0.005)
(0.0027 0.016 -0.005)
(0.0054 0.016 -0.005)
(0.0081 0.016 -0.005)
(0.0108 0.016 -0.005)
(0.0135 0.016 -0.005)
(0.0162 0.016 -0.005)
(0.0189 0.016 -0.005)
(0.0216 0.016 -0.005)
(0.0243 0.016 -0.005)
(0.027 0.016 -0.005)
(0.0297 0.016 -0.005)
(0.0324 0.016 -0.005)
(0.0351 0.016 -0.005)
(0.0378 0.016 -0.005)
(0.0405 0.016 -0.005)
(0.0432 0.016 -0.005)
(0.0459 0.016 -0.005)
(0.0486 0.016 -0.005)
(0.0513 0.016 -0.005)
(0.054 0.016 -0.005)
(-0.055 0.02 -0.005)
(-0.05225 0.02 -0.005)
(-0.0495 0.02 -0.005)
(-0.04675 0.02 -0.005)
(-0.044 0.02 -0.005)
(-0.04125 0.02 -0.005)
(-0.0385 0.02 -0.005)
(-0.03575 0.02 -0.005)
(-0.033 0.02 -0.005)
(-0.03025 0.02 -0.005)
(-0.0275 0.02 -0.005)
(-0.02475 0.02 -0.005)
(-0.022 0.02 -0.005)
(-0.01925 0.02 -0.005)
(-0.0165 0.02 -0.005)
(-0.01375 0.02 -0.005)
(-0.011 0.02 -0.005)
(-0.00825 0.02 -0.005)
(-0.0055 0.02 -0.005)
(-0.00275 0.02 -0.005)
(0 0.02 -0.005)
(0.00275 0.02 -0.005)
(0.0055 0.02 -0.005)
(0.00825 0.02 -0.005)
(0.011 0.02 -0.005)
(0.01375 0.02 -0.005)
(0.0165 0.02 -0.005)
(0.01925 0.02 -0.005)
(0.022 0.02 -0.005)
(0.02475 0.02 -0.005)
(0.0275 0.02 -0.005)
(0.03025 0.02 -0.005)
(0.033 0.02 -0.005)
(0.03575 0.02 -0.005)
(0.0385 0.02 -0.005)
(0.04125 0.02 -0.005)
(0.044 0.02 -0.005)
(0.04675 0.02 -0.005)
(0.0495 0.02 -0.005)
(0.05225 0.02 -0.005)
(0.055 0.02 -0.005)
(-0.056 0.024 -0.005)
(-0.0532 0.024 -0.005)
(-0.0504 0.024 -0.005)
(-0.0476 0.024 -0.005)
(-0.0448 0.024 -0.005)
(-0.042 0.024 -0.005)
(-0.0392 0.024 -0.005)
(-0.0364 0.024 -0.005)
(-0.0336 0.024 -0.005)
(-0.0308 0.024 -0.005)
(-0.028 0.024 -0.005)
(-0.0252 0.024 -0.005)
(-0.0224 0.024 -0.005)
(-0.0196 0.024 -0.005)
(-0.0168 0.024 -0.005)
(-0.014 0.024 -0.005)
(-0.0112 0.024 -0.005)
(-0.0084 0.024 -0.005)
(-0.0056 0.024 -0.005)
(-0.0028 0.024 -0.005)
(0 0.024 -0.005)
(0.0028 0.024 -0.005)
(0.0056 0.024 -0.005)
(0.0084 0.024 -0.005)
(0.0112 0.024 -0.005)
(0.014 0.024 -0.005)
(0.0168 0.024 -0.005)
(0.0196 0.024 -0.005)
(0.0224 0.024 -0.005)
(0.0252 0.024 -0.005)
(0.028 0.024 -0.005)
(0.0308 0.024 -0.005)
(0.0336 0.024 -0.005)
(0.0364 0.024 -0.005)
(0.0392 0.024 -0.005)
(0.042 0.024 -0.005)
(0.0448 0.024 -0.005)
(0.0476 0.024 -0.005)
(0.0504 0.024 -0.005)
(0.0532 0.024 -0.005)
(0.056 0.024 -0.005)
(-0.057 0.028 -0.005)
(-0.05415 0.028 -0.005)
(-0.0513 0.028 -0.005)
(-0.04845 0.028 -0.005)
(-0.0456 0.028 -0.005)
(-0.04275 0.028 -0.005)
(-0.0399 0.028 -0.005)
(-0.03705 0.028 -0.005)
(-0.0342 0.028 -0.005)
(-0.03135 0.028 -0.005)
(-0.0285 0.028 -0.005)
(-0.02565 0.028 -0.005)
(-0.0228 0.028 -0.005)
(-0.01995 0.028 -0.005)
(-0.0171 0.028 -0.005)
(-0.01425 0.028 -0.005)
(-0.0114 0.028 -0.005)
(-0.00855 0.028 -0.005)
(-0.0057 0.028 -0.005)
(-0.00285 0.028 -0.005)
(0 0.028 -0.005)
(0.00285 0.028 -0.005)
(0.0057 0.028 -0.005)
(0.00855 0.028 -0.005)
(0.0114 0.028 -0.005)
(0.01425 0.028 -0.005)
(0.0171 0.028 -0.005)
(0.01995 0.028 -0.005)
(0.0228 0.028 -0.005)
(0.02565 0.028 -0.005)
(0.0285 0.028 -0.005)
(0.03135 0.028 -0.005)
(0.0342 0.028 -0.005)
(0.03705 0.028 -0.005)
(0.0399 0.028 -0.005)
(0.04275 0.028 -0.005)
(0.0456 0.028 -0.005)
(0.04845 0.028 -0.005)
(0.0513 0.028 -0.005)
(0.05415 0.028 -0.005)
(0.057 0.028 -0.005)
(-0.058 0.032 -0.005)
(-0.0551 0.032 -0.005)
(-0.0522 0.032 -0.005)
(-0.0493 0.032 -0.005)
(-0.0464 0.032 -0.005)
(-0.0435 0.032 -0.005)
(-0.0406 0.032 -0.005)
(-0.0377 0.032 -0.005)
(-0.0348 0.032 -0.005)
(-0.0319 0.032 -0.005)
(-0.029 0.032 -0.005)
(-0.0261 0.032 -0.005)
(-0.0232 0.032 -0.005)
(-0.0203 0.032 -0.005)
(-0.0174 0.032 -0.005)
(-0.0145 0.032 -0.005)
(-0.0116 0.032 -0.005)
(-0.0087 0.032 -0.005)
(-0.0058 0.032 -0.005)
(-0.0029 0.032 -0.005)
(0 0.032 -0.005)
(0.0029 0.032 -0.005)
(0.0058 0.032 -0.005)
(0.0087 0.032 -0.005)
(0.0116 0.032 -0.005)
(0.0145 0.032 -0.005)
(0.0174 0.032 -0.005)
(0.0203 0.032 -0.005)
(0.0232 0.032 -0.005)
(0.0261 0.032 -0.005)
(0.029 0.032 -0.005)
(0.0319 0.032 -0.005)
(0.0348 0.032 -0.005)
(0.0377 0.032 -0.005)
(0.0406 0.032 -0.005)
(0.0435 0.032 -0.005)
(0.0464 0.032 -0.005)
(0.0493 0.032 -0.005)
(0.0522 0.032 -0.005)
(0.0551 0.032 -0.005)
(0.058 0.032 -0.005)
(-0.059 0.036 -0.005)
(-0.05605 0.036 -0.005)
(-0.0531 0.036 -0.005)
(-0.05015 0.036 -0.005)
(-0.0472 0.036 -0.005)
(-0.04425 0.036 -0.005)
(-0.0413 0.036 -0.005)
(-0.03835 0.036 -0.005)
(-0.0354 0.036 -0.005)
(-0.03245 0.036 -0.005)
(-0.0295 0.036 -0.005)
(-0.02655 0.036 -0.005)
(-0.0236 0.036 -0.005)
(-0.02065 0.036 -0.005)
(-0.0177 0.036 -0.005)
(-0.01475 0.036 -0.005)
(-0.0118 0.036 -0.005)
(-0.00885 0.036 -0.005)
(-0.0059 0.036 -0.005)
(-0.00295 0.036 -0.005)
(0 0.036 -0.005)
(0.00295 0.036 -0.005)
(0.0059 0.036 -0.005)
(0.00885 0.036 -0.005)
(0.0118 0.036 -0.005)
(0.01475 0.036 -0.005)
(0.0177 0.036 -0.005)
(0.02065 0.036 -0.005)
(0.0236 0.036 -0.005)
(0.02655 0.036 -0.005)
(0.0295 0.036 -0.005)
(0.03245 0.036 -0.005)
(0.0354 0.036 -0.005)
(0.03835 0.036 -0.005)
(0.0413 0.036 -0.005)
(0.04425 0.036 -0.005)
(0.0472 0.036 -0.005)
(0.05015 0.036 -0.005)
(0.0531 0.036 -0.005)
(0.05605 0.036 -0.005)
(0.059 0.036 -0.005)
(-0.06 0.04 -0.005)
(-0.057 0.04 -0.005)
(-0.054 0.04 -0.005)
(-0.051 0.04 -0.005)
(-0.048 0.04 -0.005)
(-0.045 0.04 -0.005)
(-0.042 0.04 -0.005)
(-0.039 0.04 -0.005)
(-0.036 0.04 -0.005)
(-0.033 0.04 -0.005)
(-0.03 0.04 -0.005)
(-0.027 0.04 -0.005)
(-0.024 0.04 -0.005)
(-0.021 0.04 -0.005)
(-0.018 0.04 -0.005)
(-0.015 0.04 -0.005)
(-0.012 0.04 -0.005)
(-0.009 0.04 -0.005)
(-0.006 0.04 -0.005)
(-0.003 0.04 -0.005)
(0 0.04 -0.005)
(0.003 0.04 -0.005)
(0.006 0.04 -0.005)
(0.009 0.04 -0.005)
(0.012 0.04 -0.005)
(0.015 0.04 -0.005)
(0.018 0.04 -0.005)
(0.021 0.04 -0.005)
(0.024 0.04 -0.005)
(0.027 0.04 -0.005)
(0.03 0.04 -0.005)
(0.033 0.04 -0.005)
(0.036 0.04 -0.005)
(0.039 0.04 -0.005)
(0.042 0.04 -0.005)
(0.045 0.04 -0.005)
(0.048 0.04 -0.005)
(0.051 0.04 -0.005)
(0.054 0.04 -0.005)
(0.057 0.04 -0.005)
(0.06 0.04 -0.005)
(-0.061 0.044 -0.005)
(-0.05795 0.044 -0.005)
(-0.0549 0.044 -0.005)
(-0.05185 0.044 -0.005)
(-0.0488 0.044 -0.005)
(-0.04575 0.044 -0.005)
(-0.0427 0.044 -0.005)
(-0.03965 0.044 -0.005)
(-0.0366 0.044 -0.005)
(-0.03355 0.044 -0.005)
(-0.0305 0.044 -0.005)
(-0.02745 0.044 -0.005)
(-0.0244 0.044 -0.005)
(-0.02135 0.044 -0.005)
(-0.0183 0.044 -0.005)
(-0.01525 0.044 -0.005)
(-0.0122 0.044 -0.005)
(-0.00915 0.044 -0.005)
(-0.0061 0.044 -0.005)
(-0.00305 0.044 -0.005)
(0 0.044 -0.005)
(0.00305 0.044 -0.005)
(0.0061 0.044 -0.005)
(0.00915 0.044 -0.005)
(0.0122 0.044 -0.005)
(0.01525 0.044 -0.005)
(0.0183 0.044 -0.005)
(0.02135 0.044 -0.005)
(0.0244 0.044 -0.005)
(0.02745 0.044 -0.005)
(0.0305 0.044 -0.005)
(0.03355 0.044 -0.005)
(0.0366 0.044 -0.005)
(0.03965 0.044 -0.005)
(0.0427 0.044 -0.005)
(0.04575 0.044 -0.005)
(0.0488 0.044 -0.005)
(0.05185 0.044 -0.005)
(0.0549 0.044 -0.005)
(0.05795 0.044 -0.005)
(0.061 0.044 -0.005)
(-0.062 0.048 -0.005)
(-0.0589 0.048 -0.005)
(-0.0558 0.048 -0.005)
(-0.0527 0.048 -0.005)
(-0.0496 0.048 -0.005)
(-0.0465 0.048 -0.005)
(-0.0434 0.048 -0.005)
(-0.0403 0.048 -0.005)
(-0.0372 0.048 -0.005)
(-0.0341 0.048 -0.005)
(-0.031 0.048 -0.005)
(-0.0279 0.048 -0.005)
(-0.0248 0.048 -0.005)
(-0.0217 0.048 -0.005)
(-0.0186 0.048 -0.005)
(-0.0155 0.048 -0.005)
(-0.0124 0.048 -0.005)
(-0.0093 0.048 -0.005)
(-0.0062 0.048 -0.005)
(-0.0031 0.048 -0.005)
(0 0.048 -0.005)
(0.0031 0.048 -0.005)
(0.0062 0.048 -0.005)
(0.0093 0.048 -0.005)
(0.0124 0.048 -0.005)
(0.0155 0.048 -0.005)
(0.0186 0.048 -0.005)
(0.0217 0.048 -0.005)
(0.0248 0.048 -0.005)
(0.0279 0.048 -0.005)
(0.031 0.048 -0.005)
(0.0341 0.048 -0.005)
(0.0372 0.048 -0.005)
(0.0403 0.048 -0.005)
(0.0434 0.048 -0.005)
(0.0465 0.048 -0.005)
(0.0496 0.048 -0.005)
(0.0527 0.048 -0.005)
(0.0558 0.048 -0.005)
(0.0589 0.048 -0.005)
(0.062 0.048 -0.005)
(-0.063 0.052 -0.005)
(-0.05985 0.052 -0.005)
(-0.0567 0.052 -0.005)
(-0.05355 0.052 -0.005)
(-0.0504 0.052 -0.005)
(-0.04725 0.052 -0.005)
(-0.0441 0.052 -0.005)
(-0.04095 0.052 -0.005)
(-0.0378 0.052 -0.005)
(-0.03465 0.052 -0.005)
(-0.0315 0.052 -0.005)
(-0.02835 0.052 -0.005)
(-0.0252 0.052 -0.005)
(-0.02205 0.052 -0.005)
(-0.0189 0.052 -0.005)
(-0.01575 0.052 -0.005)
(-0.0126 0.052 -0.005)
(-0.00945 0.052 -0.005)
(-0.0063 0.052 -0.005)
(-0.00315 0.052 -0.005)
(0 0.052 -0.005)
(0.00315 0.052 -0.005)
(0.0063 0.052 -0.005)
(0.00945 0.052 -0.005)
(0.0126 0.052 -0.005)
(0.01575 0.052 -0.005)
(0.0189 0.052 -0.005)
(0.02205 0.052 -0.005)
(0.0252 0.052 -0.005)
(0.02835 0.052 -0.005)
(0.0315 0.052 -0.005)
(0.03465 0.052 -0.005)
(0.0378 0.052 -0.005)
(0.04095 0.052 -0.005)
(0.0441 0.052 -0.005)
(0.04725 0.052 -0.005)
(0.0504 0.052 -0.005)
(0.05355 0.052 -0.005)
(0.0567 0.052 -0.005)
(0.05985 0.052 -0.005)
(0.063 0.052 -0.005)
(-0.064 0.056 -0.005)
(-0.0608 0.056 -0.005)
(-0.0576 0.056 -0.005)
(-0.0544 0.056 -0.005)
(-0.0512 0.056 -0.005)
(-0.048 0.056 -0.005)
(-0.0448 0.056 -0.005)
(-0.0416 0.056 -0.005)
(-0.0384 0.056 -0.005)
(-0.0352 0.056 -0.005)
(-0.032 0.056 -0.005)
(-0.0288 0.056 -0.005)
(-0.0256 0.056 -0.005)
(-0.0224 0.056 -0.005)
(-0.0192 0.056 -0.005)
(-0.016 0.056 -0.005)
(-0.0128 0.056 -0.005)
(-0.0096 0.056 -0.005)
(-0.0064 0.056 -0.005)
(-0.0032 0.056 -0.005)
(0 0.056 -0.005)
(0.0032 0.056 -0.005)
(0.0064 0.056 -0.005)
(0.0096 0.056 -0.005)
(0.0128 0.056 -0.005)
(0.016 0.056 -0.005)
(0.0192 0.056 -0.005)
(0.0224 0.056 -0.005)
(0.0256 0.056 -0.005)
(0.0288 0.056 -0.005)
(0.032 0.056 -0.005)
(0.0352 0.056 -0.005)
(0.0384 0.056 -0.005)
(0.0416 0.056 -0.005)
(0.0448 0.056 -0.005)
(0.048 0.056 -0.005)
(0.0512 0.056 -0.005)
(0.0544 0.056 -0.005)
(0.0576 0.056 -0.005)
(0.0608 0.056 -0.005)
(0.064 0.056 -0.005)
(-0.065 0.06 -0.005)
(-0.06175 0.06 -0.005)
(-0.0585 0.06 -0.005)
(-0.05525 0.06 -0.005)
(-0.052 0.06 -0.005)
(-0.04875 0.06 -0.005)
(-0.0455 0.06 -0.005)
(-0.04225 0.06 -0.005)
(-0.039 0.06 -0.005)
(-0.03575 0.06 -0.005)
(-0.0325 0.06 -0.005)
(-0.02925 0.06 -0.005)
(-0.026 0.06 -0.005)
(-0.02275 0.06 -0.005)
(-0.0195 0.06 -0.005)
(-0.01625 0.06 -0.005)
(-0.013 0.06 -0.005)
(-0.00975 0.06 -0.005)
(-0.0065 0.06 -0.005)
(-0.00325 0.06 -0.005)
(0 0.06 -0.005)
(0.00325 0.06 -0.005)
(0.0065 0.06 -0.005)
(0.00975 0.06 -0.005)
(0.013 0.06 -0.005)
(0.01625 0.06 -0.005)
(0.0195 0.06 -0.005)
(0.02275 0.06 -0.005)
(0.026 0.06 -0.005)
(0.02925 0.06 -0.005)
(0.0325 0.06 -0.005)
(0.03575 0.06 -0.005)
(0.039 0.06 -0.005)
(0.04225 0.06 -0.005)
(0.0455 0.06 -0.005)
(0.04875 0.06 -0.005)
(0.052 0.06 -0.005)
(0.05525 0.06 -0.005)
(0.0585 0.06 -0.005)
(0.06175 0.06 -0.005)
(0.065 0.06 -0.005)
(-0.066 0.064 -0.005)
(-0.0627 0.064 -0.005)
(-0.0594 0.064 -0.005)
(-0.0561 0.064 -0.005)
(-0.0528 0.064 -0.005)
(-0.0495 0.064 -0.005)
(-0.0462 0.064 -0.005)
(-0.0429 0.064 -0.005)
(-0.0396 0.064 -0.005)
(-0.0363 0.064 -0.005)
(-0.033 0.064 -0.005)
(-0.0297 0.064 -0.005)
(-0.0264 0.064 -0.005)
(-0.0231 0.064 -0.005)
(-0.0198 0.064 -0.005)
(-0.0165 0.064 -0.005)
(-0.0132 0.064 -0.005)
(-0.0099 0.064 -0.005)
(-0.0066 0.064 -0.005)
(-0.0033 0.064 -0.005)
(0 0.064 -0.005)
(0.0033 0.064 -0.005)
(0.0066 0.064 -0.005)
(0.0099 0.064 -0.005)
(0.0132 0.064 -0.005)
(0.0165 0.064 -0.005)
(0.0198 0.064 -0.005)
(0.0231 0.064 -0.005)
(0.0264 0.064 -0.005)
(0.0297 0.064 -0.005)
(0.033 0.064 -0.005)
(0.0363 0.064 -0.005)
(0.0396 0.064 -0.005)
(0.0429 0.064 -0.005)
(0.0462 0.064 -0.005)
(0.0495 0.064 -0.005)
(0.0528 0.064 -0.005)
(0.0561 0.064 -0.005)
(0.0594 0.064 -0.005)
(0.0627 0.064 -0.005)
(0.066 0.064 -0.005)
(-0.067 0.068 -0.005)
(-0.06365 0.068 -0.005)
(-0.0603 0.068 -0.005)
(-0.05695 0.068 -0.005)
(-0.0536 0.068 -0.005)
(-0.05025 0.068 -0.005)
(-0.0469 0.068 -0.005)
(-0.04355 0.068 -0.005)
(-0.0402 0.068 -0.005)
(-0.03685 0.068 -0.005)
(-0.0335 0.068 -0.005)
(-0.03015 0.068 -0.005)
(-0.0268 0.068 -0.005)
(-0.02345 0.068 -0.005)
(-0.0201 0.068 -0.005)
(-0.01675 0.068 -0.005)
(-0.0134 0.068 -0.005)
(-0.01005 0.068 -0.005)
(-0.0067 0.068 -0.005)
(-0.00335 0.068 -0.005)
(0 0.068 -0.005)
(0.00335 0.068 -0.005)
(0.0067 0.068 -0.005)
(0.01005 0.068 -0.005)
(0.0134 0.068 -0.005)
(0.01675 0.068 -0.005)
(0.0201 0.068 -0.005)
(0.02345 0.068 -0.005)
(0.0268 0.068 -0.005)
(0.03015 0.068 -0.005)
(0.0335 0.068 -0.005)
(0.03685 0.068 -0.005)
(0.0402 0.068 -0.005)
(0.04355 0.068 -0.005)
(0.0469 0.068 -0.005)
(0.05025 0.068 -0.005)
(0.0536 0.068 -0.005)
(0.05695 0.068 -0.005)
(0.0603 0.068 -0.005)
(0.06365 0.068 -0.005)
(0.067 0.068 -0.005)
(-0.068 0.072 -0.005)
(-0.0646 0.072 -0.005)
(-0.0612 0.072 -0.005)
(-0.0578 0.072 -0.005)
(-0.0544 0.072 -0.005)
(-0.051 0.072 -0.005)
(-0.0476 0.072 -0.005)
(-0.0442 0.072 -0.005)
(-0.0408 0.072 -0.005)
(-0.0374 0.072 -0.005)
(-0.034 0.072 -0.005)
(-0.0306 0.072 -0.005)
(-0.0272 0.072 -0.005)
(-0.0238 0.072 -0.005)
(-0.0204 0.072 -0.005)
(-0.017 0.072 -0.005)
(-0.0136 0.072 -0.005)
(-0.0102 0.072 -0.005)
(-0.0068 0.072 -0.005)
(-0.0034 0.072 -0.005)
(0 0.072 -0.005)
(0.0034 0.072 -0.005)
(0.0068 0.072 -0.005)
(0.0102 0.072 -0.005)
(0.0136 0.072 -0.005)
(0.017 0.072 -0.005)
(0.0204 0.072 -0.005)
(0.0238 0.072 -0.005)
(0.0272 0.072 -0.005)
(0.0306 0.072 -0.005)
(0.034 0.072 -0.005)
(0.0374 0.072 -0.005)
(0.0408 0.072 -0.005)
(0.0442 0.072 -0.005)
(0.0476 0.072 -0.005)
(0.051 0.072 -0.005)
(0.0544 0.072 -0.005)
(0.0578 0.072 -0.005)
(0.0612 0.072 -0.005)
(0.0646 0.072 -0.005)
(0.068 0.072 -0.005)
(-0.069 0.076 -0.005)
(-0.06555 0.076 -0.005)
(-0.0621 0.076 -0.005)
(-0.05865 0.076 -0.005)
(-0.0552 0.076 -0.005)
(-0.05175 0.076 -0.005)
(-0.0483 0.076 -0.005)
(-0.04485 0.076 -0.005)
(-0.0414 0.076 -0.005)
(-0.03795 0.076 -0.005)
(-0.0345 0.076 -0.005)
(-0.03105 0.076 -0.005)
(-0.0276 0.076 -0.005)
(-0.02415 0.076 -0.005)
(-0.0207 0.076 -0.005)
(-0.01725 0.076 -0.005)
(-0.0138 0.076 -0.005)
(-0.01035 0.076 -0.005)
(-0.0069 0.076 -0.005)
(-0.00345 0.076 -0.005)
(0 0.076 -0.005)
(0.00345 0.076 -0.005)
(0.0069 0.076 -0.005)
(0.01035 0.076 -0.005)
(0.0138 0.076 -0.005)
(0.01725 0.076 -0.005)
(0.0207 0.076 -0.005)
(0.02415 0.076 -0.005)
(0.0276 0.076 -0.005)
(0.03105 0.076 -0.005)
(0.0345 0.076 -0.005)
(0.03795 0.076 -0.005)
(0.0414 0.076 -0.005)
(0.04485 0.076 -0.005)
(0.0483 0.076 -0.005)
(0.05175 0.076 -0.005)
(0.0552 0.076 -0.005)
(0.05865 0.076 -0.005)
(0.0621 0.076 -0.005)
(0.06555 0.076 -0.005)
(0.069 0.076 -0.005)
(-0.07 0.08 -0.005)
(-0.0665 0.08 -0.005)
(-0.063 0.08 -0.005)
(-0.0595 0.08 -0.005)
(-0.056 0.08 -0.005)
(-0.0525 0.08 -0.005)
(-0.049 0.08 -0.005)
(-0.0455 0.08 -0.005)
(-0.042 0.08 -0.005)
(-0.0385 0.08 -0.005)
(-0.035 0.08 -0.005)
(-0.0315 0.08 -0.005)
(-0.028 0.08 -0.005)
(-0.0245 0.08 -0.005)
(-0.021 0.08 -0.005)
(-0.0175 0.08 -0.005)
(-0.014 0.08 -0.005)
(-0.0105 0.08 -0.005)
(-0.007 0.08 -0.005)
(-0.0035 0.08 -0.005)
(0 0.08 -0.005)
(0.0035 0.08 -0.005)
(0.007 0.08 -0.005)
(0.0105 0.08 -0.005)
(0.014 0.08 -0.005)
(0.0175 0.08 -0.005)
(0.021 0.08 -0.005)
(0.0245 0.08 -0.005)
(0.028 0.08 -0.005)
(0.0315 0.08 -0.005)
(0.035 0.08 -0.005)
(0.0385 0.08 -0.005)
(0.042 0.08 -0.005)
(0.0455 0.08 -0.005)
(0.049 0.08 -0.005)
(0.0525 0.08 -0.005)
(0.056 0.08 -0.005)
(0.0595 0.08 -0.005)
(0.063 0.08 -0.005)
(0.0665 0.08 -0.005)
(0.07 0.08 -0.005)
(-0.071 0.084 -0.005)
(-0.06745 0.084 -0.005)
(-0.0639 0.084 -0.005)
(-0.06035 0.084 -0.005)
(-0.0568 0.084 -0.005)
(-0.05325 0.084 -0.005)
(-0.0497 0.084 -0.005)
(-0.04615 0.084 -0.005)
(-0.0426 0.084 -0.005)
(-0.03905 0.084 -0.005)
(-0.0355 0.084 -0.005)
(-0.03195 0.084 -0.005)
(-0.0284 0.084 -0.005)
(-0.02485 0.084 -0.005)
(-0.0213 0.084 -0.005)
(-0.01775 0.084 -0.005)
(-0.0142 0.084 -0.005)
(-0.01065 0.084 -0.005)
(-0.0071 0.084 -0.005)
(-0.00355 0.084 -0.005)
(0 0.084 -0.005)
(0.00355 0.084 -0.005)
(0.0071 0.084 -0.005)
(0.01065 0.084 -0.005)
(0.0142 0.084 -0.005)
(0.01775 0.084 -0.005)
(0.0213 0.084 -0.005)
(0.02485 0.084 -0.005)
(0.0284 0.084 -0.005)
(0.03195 0.084 -0.005)
(0.0355 0.084 -0.005)
(0.03905 0.084 -0.005)
(0.0426 0.084 -0.005)
(0.04615 0.084 -0.005)
(0.0497 0.084 -0.005)
(0.05325 0.084 -0.005)
(0.0568 0.084 -0.005)
(0.06035 0.084 -0.005)
(0.0639 0.084 -0.005)
(0.06745 0.084 -0.005)
(0.071 0.084 -0.005)
(-0.072 0.088 -0.005)
(-0.0684 0.088 -0.005)
(-0.0648 0.088 -0.005)
(-0.0612 0.088 -0.005)
(-0.0576 0.088 -0.005)
(-0.054 0.088 -0.005)
(-0.0504 0.088 -0.005)
(-0.0468 0.088 -0.005)
(-0.0432 0.088 -0.005)
(-0.0396 0.088 -0.005)
(-0.036 0.088 -0.005)
(-0.0324 0.088 -0.005)
(-0.0288 0.088 -0.005)
(-0.0252 0.088 -0.005)
(-0.0216 0.088 -0.005)
(-0.018 0.088 -0.005)
(-0.0144 0.088 -0.005)
(-0.0108 0.088 -0.005)
(-0.0072 0.088 -0.005)
(-0.0036 0.088 -0.005)
(0 0.088 -0.005)
(0.0036 0.088 -0.005)
(0.0072 0.088 -0.005)
(0.0108 0.088 -0.005)
(0.0144 0.088 -0.005)
(0.018 0.088 -0.005)
(0.0216 0.088 -0.005)
(0.0252 0.088 -0.005)
(0.0288 0.088 -0.005)
(0.0324 0.088 -0.005)
(0.036 0.088 -0.005)
(0.0396 0.088 -0.005)
(0.0432 0.088 -0.005)
(0.0468 0.088 -0.005)
(0.0504 0.088 -0.005)
(0.054 0.088 -0.005)
(0.0576 0.088 -0.005)
(0.0612 0.088 -0.005)
(0.0648 0.088 -0.005)
(0.0684 0.088 -0.005)
(0.072 0.088 -0.005)
(-0.073 0.092 -0.005)
(-0.06935 0.092 -0.005)
(-0.0657 0.092 -0.005)
(-0.06205 0.092 -0.005)
(-0.0584 0.092 -0.005)
(-0.05475 0.092 -0.005)
(-0.0511 0.092 -0.005)
(-0.04745 0.092 -0.005)
(-0.0438 0.092 -0.005)
(-0.04015 0.092 -0.005)
(-0.0365 0.092 -0.005)
(-0.03285 0.092 -0.005)
(-0.0292 0.092 -0.005)
(-0.02555 0.092 -0.005)
(-0.0219 0.092 -0.005)
(-0.01825 0.092 -0.005)
(-0.0146 0.092 -0.005)
(-0.01095 0.092 -0.005)
(-0.0073 0.092 -0.005)
(-0.00365 0.092 -0.005)
(0 0.092 -0.005)
(0.00365 0.092 -0.005)
(0.0073 0.092 -0.005)
(0.01095 0.092 -0.005)
(0.0146 0.092 -0.005)
(0.01825 0.092 -0.005)
(0.0219 0.092 -0.005)
(0.02555 0.092 -0.005)
(0.0292 0.092 -0.005)
(0.03285 0.092 -0.005)
(0.0365 0.092 -0.005)
(0.04015 0.092 -0.005)
(0.0438 0.092 -0.005)
(0.04745 0.092 -0.005)
(0.0511 0.092 -0.005)
(0.05475 0.092 -0.005)
(0.0584 0.092 -0.005)
(0.06205 0.092 -0.005)
(0.0657 0.092 -0.005)
(0.06935 0.092 -0.005)
(0.073 0.092 -0.005)
(-0.074 0.096 -0.005)
(-0.0703 0.096 -0.005)
(-0.0666 0.096 -0.005)
(-0.0629 0.096 -0.005)
(-0.0592 0.096 -0.005)
(-0.0555 0.096 -0.005)
(-0.0518 0.096 -0.005)
(-0.0481 0.096 -0.005)
(-0.0444 0.096 -0.005)
(-0.0407 0.096 -0.005)
(-0.037 0.096 -0.005)
(-0.0333 0.096 -0.005)
(-0.0296 0.096 -0.005)
(-0.0259 0.096 -0.005)
(-0.0222 0.096 -0.005)
(-0.0185 0.096 -0.005)
(-0.0148 0.096 -0.005)
(-0.0111 0.096 -0.005)
(-0.0074 0.096 -0.005)
(-0.0037 0.096 -0.005)
(0 0.096 -0.005)
(0.0037 0.096 -0.005)
(0.0074 0.096 -0.005)
(0.0111 0.096 -0.005)
(0.0148 0.096 -0.005)
(0.0185 0.096 -0.005)
(0.0222 0.096 -0.005)
(0.0259 0.096 -0.005)
(0.0296 0.096 -0.005)
(0.0333 0.096 -0.005)
(0.037 0.096 -0.005)
(0.0407 0.096 -0.005)
(0.0444 0.096 -0.005)
(0.0481 0.096 -0.005)
(0.0518 0.096 -0.005)
(0.0555 0.096 -0.005)
(0.0592 0.096 -0.005)
(0.0629 0.096 -0.005)
(0.0666 0.096 -0.005)
(0.0703 0.096 -0.005)
(0.074 0.096 -0.005)
(-0.075 0.1 -0.005)
(-0.07125 0.1 -0.005)
(-0.0675 0.1 -0.005)
(-0.06375 0.1 -0.005)
(-0.06 0.1 -0.005)
(-0.05625 0.1 -0.005)
(-0.0525 0.1 -0.005)
(-0.04875 0.1 -0.005)
(-0.045 0.1 -0.005)
(-0.04125 0.1 -0.005)
(-0.0375 0.1 -0.005)
(-0.03375 0.1 -0.005)
(-0.03 0.1 -0.005)
(-0.02625 0.1 -0.005)
(-0.0225 0.1 -0.005)
(-0.01875 0.1 -0.005)
(-0.015 0.1 -0.005)
(-0.01125 0.1 -0.005)
(-0.0075 0.1 -0.005)
(-0.00375 0.1 -0.005)
(0 0.1 -0.005)
(0.00375 0.1 -0.005)
(0.0075 0.1 -0.005)
(0.01125 0.1 -0.005)
(0.015 0.1 -0.005)
(0.01875 0.1 -0.005)
(0.0225 0.1 -0.005)
(0.02625 0.1 -0.005)
(0.03 0.1 -0.005)
(0.03375 0.1 -0.005)
(0.0375 0.1 -0.005)
(0.04125 0.1 -0.005)
(0.045 0.1 -0.005)
(0.04875 0.1 -0.005)
(0.0525 0.1 -0.005)
(0.05625 0.1 -0.005)
(0.06 0.1 -0.005)
(0.06375 0.1 -0.005)
(0.0675 0.1 -0.005)
(0.07125 0.1 -0.005)
(0.075 0.1 -0.005)
(-0.076 0.104 -0.005)
(-0.0722 0.104 -0.005)
(-0.0684 0.104 -0.005)
(-0.0646 0.104 -0.005)
(-0.0608 0.104 -0.005)
(-0.057 0.104 -0.005)
(-0.0532 0.104 -0.005)
(-0.0494 0.104 -0.005)
(-0.0456 0.104 -0.005)
(-0.0418 0.104 -0.005)
(-0.038 0.104 -0.005)
(-0.0342 0.104 -0.005)
(-0.0304 0.104 -0.005)
(-0.0266 0.104 -0.005)
(-0.0228 0.104 -0.005)
(-0.019 0.104 -0.005)
(-0.0152 0.104 -0.005)
(-0.0114 0.104 -0.005)
(-0.0076 0.104 -0.005)
(-0.0038 0.104 -0.005)
(0 0.104 -0.005)
(0.0038 0.104 -0.005)
(0.0076 0.104 -0.005)
(0.0114 0.104 -0.005)
(0.0152 0.104 -0.005)
(0.019 0.104 -0.005)
(0.0228 0.104 -0.005)
(0.0266 0.104 -0.005)
(0.0304 0.104 -0.005)
(0.0342 0.104 -0.005)
(0.038 0.104 -0.005)
(0.0418 0.104 -0.005)
(0.0456 0.104 -0.005)
(0.0494 0.104 -0.005)
(0.0532 0.104 -0.005)
(0.057 0.104 -0.005)
(0.0608 0.104 -0.005)
(0.0646 0.104 -0.005)
(0.0684 0.104 -0.005)
(0.0722 0.104 -0.005)
(0.076 0.104 -0.005)
(-0.077 0.108 -0.005)
(-0.07315 0.108 -0.005)
(-0.0693 0.108 -0.005)
(-0.06545 0.108 -0.005)
(-0.0616 0.108 -0.005)
(-0.05775 0.108 -0.005)
(-0.0539 0.108 -0.005)
(-0.05005 0.108 -0.005)
(-0.0462 0.108 -0.005)
(-0.04235 0.108 -0.005)
(-0.0385 0.108 -0.005)
(-0.03465 0.108 -0.005)
(-0.0308 0.108 -0.005)
(-0.02695 0.108 -0.005)
(-0.0231 0.108 -0.005)
(-0.01925 0.108 -0.005)
(-0.0154 0.108 -0.005)
(-0.01155 0.108 -0.005)
(-0.0077 0.108 -0.005)
(-0.00385 0.108 -0.005)
(0 0.108 -0.005)
(0.00385 0.108 -0.005)
(0.0077 0.108 -0.005)
(0.01155 0.108 -0.005)
(0.0154 0.108 -0.005)
(0.01925 0.108 -0.005)
(0.0231 0.108 -0.005)
(0.02695 0.108 -0.005)
(0.0308 0.108 -0.005)
(0.03465 0.108 -0.005)
(0.0385 0.108 -0.005)
(0.04235 0.108 -0.005)
(0.0462 0.108 -0.005)
(0.05005 0.108 -0.005)
(0.0539 0.108 -0.005)
(0.05775 0.108 -0.005)
(0.0616 0.108 -0.005)
(0.06545 0.108 -0.005)
(0.0693 0.108 -0.005)
(0.07315 0.108 -0.005)
(0.077 0.108 -0.005)
(-0.078 0.112 -0.005)
(-0.0741 0.112 -0.005)
(-0.0702 0.112 -0.005)
(-0.0663 0.112 -0.005)
(-0.0624 0.112 -0.005)
(-0.0585 0.112 -0.005)
(-0.0546 0.112 -0.005)
(-0.0507 0.112 -0.005)
(-0.0468 0.112 -0.005)
(-0.0429 0.112 -0.005)
(-0.039 0.112 -0.005)
(-0.0351 0.112 -0.005)
(-0.0312 0.112 -0.005)
(-0.0273 0.112 -0.005)
(-0.0234 0.112 -0.005)
(-0.0195 0.112 -0.005)
(-0.0156 0.112 -0.005)
(-0.0117 0.112 -0.005)
(-0.0078 0.112 -0.005)
(-0.0039 0.112 -0.005)
(0 0.112 -0.005)
(0.0039 0.112 -0.005)
(0.0078 0.112 -0.005)
(0.0117 0.112 -0.005)
(0.0156 0.112 -0.005)
(0.0195 0.112 -0.005)
(0.0234 0.112 -0.005)
(0.0273 0.112 -0.005)
(0.0312 0.112 -0.005)
(0.0351 0.112 -0.005)
(0.039 0.112 -0.005)
(0.0429 0.112 -0.005)
(0.0468 0.112 -0.005)
(0.0507 0.112 -0.005)
(0.0546 0.112 -0.005)
(0.0585 0.112 -0.005)
(0.0624 0.112 -0.005)
(0.0663 0.112 -0.005)
(0.0702 0.112 -0.005)
(0.0741 0.112 -0.005)
(0.078 0.112 -0.005)
(-0.079 0.116 -0.005)
(-0.07505 0.116 -0.005)
(-0.0711 0.116 -0.005)
(-0.06715 0.116 -0.005)
(-0.0632 0.116 -0.005)
(-0.05925 0.116 -0.005)
(-0.0553 0.116 -0.005)
(-0.05135 0.116 -0.005)
(-0.0474 0.116 -0.005)
(-0.04345 0.116 -0.005)
(-0.0395 0.116 -0.005)
(-0.03555 0.116 -0.005)
(-0.0316 0.116 -0.005)
(-0.02765 0.116 -0.005)
(-0.0237 0.116 -0.005)
(-0.01975 0.116 -0.005)
(-0.0158 0.116 -0.005)
(-0.01185 0.116 -0.005)
(-0.0079 0.116 -0.005)
(-0.00395 0.116 -0.005)
(0 0.116 -0.005)
(0.00395 0.116 -0.005)
(0.0079 0.116 -0.005)
(0.01185 0.116 -0.005)
(0.0158 0.116 -0.005)
(0.01975 0.116 -0.005)
(0.0237 0.116 -0.005)
(0.02765 0.116 -0.005)
(0.0316 0.116 -0.005)
(0.03555 0.116 -0.005)
(0.0395 0.116 -0.005)
(0.04345 0.116 -0.005)
(0.0474 0.116 -0.005)
(0.05135 0.116 -0.005)
(0.0553 0.116 -0.005)
(0.05925 0.116 -0.005)
(0.0632 0.116 -0.005)
(0.06715 0.116 -0.005)
(0.0711 0.116 -0.005)
(0.07505 0.116 -0.005)
(0.079 0.116 -0.005)
(-0.08 0.12 -0.005)
(-0.076 0.12 -0.005)
(-0.072 0.12 -0.005)
(-0.068 0.12 -0.005)
(-0.064 0.12 -0.005)
(-0.06 0.12 -0.005)
(-0.056 0.12 -0.005)
(-0.052 0.12 -0.005)
(-0.048 0.12 -0.005)
(-0.044 0.12 -0.005)
(-0.04 0.12 -0.005)
(-0.036 0.12 -0.005)
(-0.032 0.12 -0.005)
(-0.028 0.12 -0.005)
(-0.024 0.12 -0.005)
(-0.02 0.12 -0.005)
(-0.016 0.12 -0.005)
(-0.012 0.12 -0.005)
(-0.008 0.12 -0.005)
(-0.004 0.12 -0.005)
(0 0.12 -0.005)
(0.004 0.12 -0.005)
(0.008 0.12 -0.005)
(0.012 0.12 -0.005)
(0.016 0.12 -0.005)
(0.02 0.12 -0.005)
(0.024 0.12 -0.005)
(0.028 0.12 -0.005)
(0.032 0.12 -0.005)
(0.036 0.12 -0.005)
(0.04 0.12 -0.005)
(0.044 0.12 -0.005)
(0.048 0.12 -0.005)
(0.052 0.12 -0.005)
(0.056 0.12 -0.005)
(0.06 0.12 -0.005)
(0.064 0.12 -0.005)
(0.068 0.12 -0.005)
(0.072 0.12 -0.005)
(0.076 0.12 -0.005)
(0.08 0.12 -0.005)
(-0.081 0.124 -0.005)
(-0.07695 0.124 -0.005)
(-0.0729 0.124 -0.005)
(-0.06885 0.124 -0.005)
(-0.0648 0.124 -0.005)
(-0.06075 0.124 -0.005)
(-0.0567 0.124 -0.005)
(-0.05265 0.124 -0.005)
(-0.0486 0.124 -0.005)
(-0.04455 0.124 -0.005)
(-0.0405 0.124 -0.005)
(-0.03645 0.124 -0.005)
(-0.0324 0.124 -0.005)
(-0.02835 0.124 -0.005)
(-0.0243 0.124 -0.005)
(-0.02025 0.124 -0.005)
(-0.0162 0.124 -0.005)
(-0.01215 0.124 -0.005)
(-0.0081 0.124 -0.005)
(-0.00405 0.124 -0.005)
(0 0.124 -0.005)
(0.00405 0.124 -0.005)
(0.0081 0.124 -0.005)
(0.01215 0.124 -0.005)
(0.0162 0.124 -0.005)
(0.02025 0.124 -0.005)
(0.0243 0.124 -0.005)
(0.02835 0.124 -0.005)
(0.0324 0.124 -0.005)
(0.03645 0.124 -0.005)
(0.0405 0.124 -0.005)
(0.04455 0.124 -0.005)
(0.0486 0.124 -0.005)
(0.05265 0.124 -0.005)
(0.0567 0.124 -0.005)
(0.06075 0.124 -0.005)
(0.0648 0.124 -0.005)
(0.06885 0.124 -0.005)
(0.0729 0.124 -0.005)
(0.07695 0.124 -0.005)
(0.081 0.124 -0.005)
(-0.082 0.128 -0.005)
(-0.0779 0.128 -0.005)
(-0.0738 0.128 -0.005)
(-0.0697 0.128 -0.005)
(-0.0656 0.128 -0.005)
(-0.0615 0.128 -0.005)
(-0.0574 0.128 -0.005)
(-0.0533 0.128 -0.005)
(-0.0492 0.128 -0.005)
(-0.0451 0.128 -0.005)
(-0.041 0.128 -0.005)
(-0.0369 0.128 -0.005)
(-0.0328 0.128 -0.005)
(-0.0287 0.128 -0.005)
(-0.0246 0.128 -0.005)
(-0.0205 0.128 -0.005)
(-0.0164 0.128 -0.005)
(-0.0123 0.128 -0.005)
(-0.0082 0.128 -0.005)
(-0.0041 0.128 -0.005)
(0 0.128 -0.005)
(0.0041 0.128 -0.005)
(0.0082 0.128 -0.005)
(0.0123 0.128 -0.005)
(0.0164 0.128 -0.005)
(0.0205 0.128 -0.005)
(0.0246 0.128 -0.005)
(0.0287 0.128 -0.005)
(0.0328 0.128 -0.005)
(0.0369 0.128 -0.005)
(0.041 0.128 -0.005)
(0.0451 0.128 -0.005)
(0.0492 0.128 -0.005)
(0.0533 0.128 -0.005)
(0.0574 0.128 -0.005)
(0.0615 0.128 -0.005)
(0.0656 0.128 -0.005)
(0.0697 0.128 -0.005)
(0.0738 0.128 -0.005)
(0.0779 0.128 -0.005)
(0.082 0.128 -0.005)
(-0.083 0.132 -0.005)
(-0.07885 0.132 -0.005)
(-0.0747 0.132 -0.005)
(-0.07055 0.132 -0.005)
(-0.0664 0.132 -0.005)
(-0.06225 0.132 -0.005)
(-0.0581 0.132 -0.005)
(-0.05395 0.132 -0.005)
(-0.0498 0.132 -0.005)
(-0.04565 0.132 -0.005)
(-0.0415 0.132 -0.005)
(-0.03735 0.132 -0.005)
(-0.0332 0.132 -0.005)
(-0.02905 0.132 -0.005)
(-0.0249 0.132 -0.005)
(-0.02075 0.132 -0.005)
(-0.0166 0.132 -0.005)
(-0.01245 0.132 -0.005)
(-0.0083 0.132 -0.005)
(-0.00415 0.132 -0.005)
(0 0.132 -0.005)
(0.00415 0.132 -0.005)
(0.0083 0.132 -0.005)
(0.01245 0.132 -0.005)
(0.0166 0.132 -0.005)
(0.02075 0.132 -0.005)
(0.0249 0.132 -0.005)
(0.02905 0.132 -0.005)
(0.0332 0.132 -0.005)
(0.03735 0.132 -0.005)
(0.0415 0.132 -0.005)
(0.04565 0.132 -0.005)
(0.0498 0.132 -0.005)
(0.05395 0.132 -0.005)
(0.0581 0.132 -0.005)
(0.06225 0.132 -0.005)
(0.0664 0.132 -0.005)
(0.07055 0.132 -0.005)
(0.0747 0.132 -0.005)
(0.07885 0.132 -0.005)
(0.083 0.132 -0.005)
(-0.084 0.136 -0.005)
(-0.0798 0.136 -0.005)
(-0.0756 0.136 -0.005)
(-0.0714 0.136 -0.005)
(-0.0672 0.136 -0.005)
(-0.063 0.136 -0.005)
(-0.0588 0.136 -0.005)
(-0.0546 0.136 -0.005)
(-0.0504 0.136 -0.005)
(-0.0462 0.136 -0.005)
(-0.042 0.136 -0.005)
(-0.0378 0.136 -0.005)
(-0.0336 0.136 -0.005)
(-0.0294 0.136 -0.005)
(-0.0252 0.136 -0.005)
(-0.021 0.136 -0.005)
(-0.0168 0.136 -0.005)
(-0.0126 0.136 -0.005)
(-0.0084 0.136 -0.005)
(-0.0042 0.136 -0.005)
(0 0.136 -0.005)
(0.0042 0.136 -0.005)
(0.0084 0.136 -0.005)
(0.0126 0.136 -0.005)
(0.0168 0.136 -0.005)
(0.021 0.136 -0.005)
(0.0252 0.136 -0.005)
(0.0294 0.136 -0.005)
(0.0336 0.136 -0.005)
(0.0378 0.136 -0.005)
(0.042 0.136 -0.005)
(0.0462 0.136 -0.005)
(0.0504 0.136 -0.005)
(0.0546 0.136 -0.005)
(0.0588 0.136 -0.005)
(0.063 0.136 -0.005)
(0.0672 0.136 -0.005)
(0.0714 0.136 -0.005)
(0.0756 0.136 -0.005)
(0.0798 0.136 -0.005)
(0.084 0.136 -0.005)
(-0.085 0.14 -0.005)
(-0.08075 0.14 -0.005)
(-0.0765 0.14 -0.005)
(-0.07225 0.14 -0.005)
(-0.068 0.14 -0.005)
(-0.06375 0.14 -0.005)
(-0.0595 0.14 -0.005)
(-0.05525 0.14 -0.005)
(-0.051 0.14 -0.005)
(-0.04675 0.14 -0.005)
(-0.0425 0.14 -0.005)
(-0.03825 0.14 -0.005)
(-0.034 0.14 -0.005)
(-0.02975 0.14 -0.005)
(-0.0255 0.14 -0.005)
(-0.02125 0.14 -0.005)
(-0.017 0.14 -0.005)
(-0.01275 0.14 -0.005)
(-0.0085 0.14 -0.005)
(-0.00425 0.14 -0.005)
(0 0.14 -0.005)
(0.00425 0.14 -0.005)
(0.0085 0.14 -0.005)
(0.01275 0.14 -0.005)
(0.017 0.14 -0.005)
(0.02125 0.14 -0.005)
(0.0255 0.14 -0.005)
(0.02975 0.14 -0.005)
(0.034 0.14 -0.005)
(0.03825 0.14 -0.005)
(0.0425 0.14 -0.005)
(0.04675 0.14 -0.005)
(0.051 0.14 -0.005)
(0.05525 0.14 -0.005)
(0.0595 0.14 -0.005)
(0.06375 0.14 -0.005)
(0.068 0.14 -0.005)
(0.07225 0.14 -0.005)
(0.0765 0.14 -0.005)
(0.08075 0.14 -0.005)
(0.085 0.14 -0.005)
(-0.086 0.144 -0.005)
(-0.0817 0.144 -0.005)
(-0.0774 0.144 -0.005)
(-0.0731 0.144 -0.005)
(-0.0688 0.144 -0.005)
(-0.0645 0.144 -0.005)
(-0.0602 0.144 -0.005)
(-0.0559 0.144 -0.005)
(-0.0516 0.144 -0.005)
(-0.0473 0.144 -0.005)
(-0.043 0.144 -0.005)
(-0.0387 0.144 -0.005)
(-0.0344 0.144 -0.005)
(-0.0301 0.144 -0.005)
(-0.0258 0.144 -0.005)
(-0.0215 0.144 -0.005)
(-0.0172 0.144 -0.005)
(-0.0129 0.144 -0.005)
(-0.0086 0.144 -0.005)
(-0.0043 0.144 -0.005)
(0 0.144 -0.005)
(0.0043 0.144 -0.005)
(0.0086 0.144 -0.005)
(0.0129 0.144 -0.005)
(0.0172 0.144 -0.005)
(0.0215 0.144 -0.005)
(0.0258 0.144 -0.005)
(0.0301 0.144 -0.005)
(0.0344 0.144 -0.005)
(0.0387 0.144 -0.005)
(0.043 0.144 -0.005)
(0.0473 0.144 -0.005)
(0.0516 0.144 -0.005)
(0.0559 0.144 -0.005)
(0.0602 0.144 -0.005)
(0.0645 0.144 -0.005)
(0.0688 0.144 -0.005)
(0.0731 0.144 -0.005)
(0.0774 0.144 -0.005)
(0.0817 0.144 -0.005)
(0.086 0.144 -0.005)
(-0.087 0.148 -0.005)
(-0.08265 0.148 -0.005)
(-0.0783 0.148 -0.005)
(-0.07395 0.148 -0.005)
(-0.0696 0.148 -0.005)
(-0.06525 0.148 -0.005)
(-0.0609 0.148 -0.005)
(-0.05655 0.148 -0.005)
(-0.0522 0.148 -0.005)
(-0.04785 0.148 -0.005)
(-0.0435 0.148 -0.005)
(-0.03915 0.148 -0.005)
(-0.0348 0.148 -0.005)
(-0.03045 0.148 -0.005)
(-0.0261 0.148 -0.005)
(-0.02175 0.148 -0.005)
(-0.0174 0.148 -0.005)
(-0.01305 0.148 -0.005)
(-0.0087 0.148 -0.005)
(-0.00435 0.148 -0.005)
(0 0.148 -0.005)
(0.00435 0.148 -0.005)
(0.0087 0.148 -0.005)
(0.01305 0.148 -0.005)
(0.0174 0.148 -0.005)
(0.02175 0.148 -0.005)
(0.0261 0.148 -0.005)
(0.03045 0.148 -0.005)
(0.0348 0.148 -0.005)
(0.03915 0.148 -0.005)
(0.0435 0.148 -0.005)
(0.04785 0.148 -0.005)
(0.0522 0.148 -0.005)
(0.05655 0.148 -0.005)
(0.0609 0.148 -0.005)
(0.06525 0.148 -0.005)
(0.0696 0.148 -0.005)
(0.07395 0.148 -0.005)
(0.0783 0.148 -0.005)
(0.08265 0.148 -0.005)
(0.087 0.148 -0.005)
(-0.088 0.152 -0.005)
(-0.0836 0.152 -0.005)
(-0.0792 0.152 -0.005)
(-0.0748 0.152 -0.005)
(-0.0704 0.152 -0.005)
(-0.066 0.152 -0.005)
(-0.0616 0.152 -0.005)
(-0.0572 0.152 -0.005)
(-0.0528 0.152 -0.005)
(-0.0484 0.152 -0.005)
(-0.044 0.152 -0.005)
(-0.0396 0.152 -0.005)
(-0.0352 0.152 -0.005)
(-0.0308 0.152 -0.005)
(-0.0264 0.152 -0.005)
(-0.022 0.152 -0.005)
(-0.0176 0.152 -0.005)
(-0.0132 0.152 -0.005)
(-0.0088 0.152 -0.005)
(-0.0044 0.152 -0.005)
(0 0.152 -0.005)
(0.0044 0.152 -0.005)
(0.0088 0.152 -0.005)
(0.0132 0.152 -0.005)
(0.0176 0.152 -0.005)
(0.022 0.152 -0.005)
(0.0264 0.152 -0.005)
(0.0308 0.152 -0.005)
(0.0352 0.152 -0.005)
(0.0396 0.152 -0.005)
(0.044 0.152 -0.005)
(0.0484 0.152 -0.005)
(0.0528 0.152 -0.005)
(0.0572 0.152 -0.005)
(0.0616 0.152 -0.005)
(0.066 0.152 -0.005)
(0.0704 0.152 -0.005)
(0.0748 0.152 -0.005)
(0.0792 0.152 -0.005)
(0.0836 0.152 -0.005)
(0.088 0.152 -0.005)
(-0.089 0.156 -0.005)
(-0.08455 0.156 -0.005)
(-0.0801 0.156 -0.005)
(-0.07565 0.156 -0.005)
(-0.0712 0.156 -0.005)
(-0.06675 0.156 -0.005)
(-0.0623 0.156 -0.005)
(-0.05785 0.156 -0.005)
(-0.0534 0.156 -0.005)
(-0.04895 0.156 -0.005)
(-0.0445 0.156 -0.005)
(-0.04005 0.156 -0.005)
(-0.0356 0.156 -0.005)
(-0.03115 0.156 -0.005)
(-0.0267 0.156 -0.005)
(-0.02225 0.156 -0.005)
(-0.0178 0.156 -0.005)
(-0.01335 0.156 -0.005)
(-0.0089 0.156 -0.005)
(-0.00445 0.156 -0.005)
(0 0.156 -0.005)
(0.00445 0.156 -0.005)
(0.0089 0.156 -0.005)
(0.01335 0.156 -0.005)
(0.0178 0.156 -0.005)
(0.02225 0.156 -0.005)
(0.0267 0.156 -0.005)
(0.03115 0.156 -0.005)
(0.0356 0.156 -0.005)
(0.04005 0.156 -0.005)
(0.0445 0.156 -0.005)
(0.04895 0.156 -0.005)
(0.0534 0.156 -0.005)
(0.05785 0.156 -0.005)
(0.0623 0.156 -0.005)
(0.06675 0.156 -0.005)
(0.0712 0.156 -0.005)
(0.07565 0.156 -0.005)
(0.0801 0.156 -0.005)
(0.08455 0.156 -0.005)
(0.089 0.156 -0.005)
(-0.09 0.16 -0.005)
(-0.0855 0.16 -0.005)
(-0.081 0.16 -0.005)
(-0.0765 0.16 -0.005)
(-0.072 0.16 -0.005)
(-0.0675 0.16 -0.005)
(-0.063 0.16 -0.005)
(-0.0585 0.16 -0.005)
(-0.054 0.16 -0.005)
(-0.0495 0.16 -0.005)
(-0.045 0.16 -0.005)
(-0.0405 0.16 -0.005)
(-0.036 0.16 -0.005)
(-0.0315 0.16 -0.005)
(-0.027 0.16 -0.005)
(-0.0225 0.16 -0.005)
(-0.018 0.16 -0.005)
(-0.0135 0.16 -0.005)
(-0.009 0.16 -0.005)
(-0.0045 0.16 -0.005)
(0 0.16 -0.005)
(0.0045 0.16 -0.005)
(0.009 0.16 -0.005)
(0.0135 0.16 -0.005)
(0.018 0.16 -0.005)
(0.0225 0.16 -0.005)
(0.027 0.16 -0.005)
(0.0315 0.16 -0.005)
(0.036 0.16 -0.005)
(0.0405 0.16 -0.005)
(0.045 0.16 -0.005)
(0.0495 0.16 -0.005)
(0.054 0.16 -0.005)
(0.0585 0.16 -0.005)
(0.063 0.16 -0.005)
(0.0675 0.16 -0.005)
(0.072 0.16 -0.005)
(0.0765 0.16 -0.005)
(0.081 0.16 -0.005)
(0.0855 0.16 -0.005)
(0.09 0.16 -0.005)
(-0.091 0.164 -0.005)
(-0.08645 0.164 -0.005)
(-0.0819 0.164 -0.005)
(-0.07735 0.164 -0.005)
(-0.0728 0.164 -0.005)
(-0.06825 0.164 -0.005)
(-0.0637 0.164 -0.005)
(-0.05915 0.164 -0.005)
(-0.0546 0.164 -0.005)
(-0.05005 0.164 -0.005)
(-0.0455 0.164 -0.005)
(-0.04095 0.164 -0.005)
(-0.0364 0.164 -0.005)
(-0.03185 0.164 -0.005)
(-0.0273 0.164 -0.005)
(-0.02275 0.164 -0.005)
(-0.0182 0.164 -0.005)
(-0.01365 0.164 -0.005)
(-0.0091 0.164 -0.005)
(-0.00455 0.164 -0.005)
(0 0.164 -0.005)
(0.00455 0.164 -0.005)
(0.0091 0.164 -0.005)
(0.01365 0.164 -0.005)
(0.0182 0.164 -0.005)
(0.02275 0.164 -0.005)
(0.0273 0.164 -0.005)
(0.03185 0.164 -0.005)
(0.0364 0.164 -0.005)
(0.04095 0.164 -0.005)
(0.0455 0.164 -0.005)
(0.05005 0.164 -0.005)
(0.0546 0.164 -0.005)
(0.05915 0.164 -0.005)
(0.0637 0.164 -0.005)
(0.06825 0.164 -0.005)
(0.0728 0.164 -0.005)
(0.07735 0.164 -0.005)
(0.0819 0.164 -0.005)
(0.08645 0.164 -0.005)
(0.091 0.164 -0.005)
(-0.092 0.168 -0.005)
(-0.0874 0.168 -0.005)
(-0.0828 0.168 -0.005)
(-0.0782 0.168 -0.005)
(-0.0736 0.168 -0.005)
(-0.069 0.168 -0.005)
(-0.0644 0.168 -0.005)
(-0.0598 0.168 -0.005)
(-0.0552 0.168 -0.005)
(-0.0506 0.168 -0.005)
(-0.046 0.168 -0.005)
(-0.0414 0.168 -0.005)
(-0.0368 0.168 -0.005)
(-0.0322 0.168 -0.005)
(-0.0276 0.168 -0.005)
(-0.023 0.168 -0.005)
(-0.0184 0.168 -0.005)
(-0.0138 0.168 -0.005)
(-0.0092 0.168 -0.005)
(-0.0046 0.168 -0.005)
(0 0.168 -0.005)
(0.0046 0.168 -0.005)
(0.0092 0.168 -0.005)
(0.0138 0.168 -0.005)
(0.0184 0.168 -0.005)
(0.023 0.168 -0.005)
(0.0276 0.168 -0.005)
(0.0322 0.168 -0.005)
(0.0368 0.168 -0.005)
(0.0414 0.168 -0.005)
(0.046 0.168 -0.005)
(0.0506 0.168 -0.005)
(0.0552 0.168 -0.005)
(0.0598 0.168 -0.005)
(0.0644 0.168 -0.005)
(0.069 0.168 -0.005)
(0.0736 0.168 -0.005)
(0.0782 0.168 -0.005)
(0.0828 0.168 -0.005)
(0.0874 0.168 -0.005)
(0.092 0.168 -0.005)
(-0.093 0.172 -0.005)
(-0.08835 0.172 -0.005)
(-0.0837 0.172 -0.005)
(-0.07905 0.172 -0.005)
(-0.0744 0.172 -0.005)
(-0.06975 0.172 -0.005)
(-0.0651 0.172 -0.005)
(-0.06045 0.172 -0.005)
(-0.0558 0.172 -0.005)
(-0.05115 0.172 -0.005)
(-0.0465 0.172 -0.005)
(-0.04185 0.172 -0.005)
(-0.0372 0.172 -0.005)
(-0.03255 0.172 -0.005)
(-0.0279 0.172 -0.005)
(-0.02325 0.172 -0.005)
(-0.0186 0.172 -0.005)
(-0.01395 0.172 -0.005)
(-0.0093 0.172 -0.005)
(-0.00465 0.172 -0.005)
(0 0.172 -0.005)
(0.00465 0.172 -0.005)
(0.0093 0.172 -0.005)
(0.01395 0.172 -0.005)
(0.0186 0.172 -0.005)
(0.02325 0.172 -0.005)
(0.0279 0.172 -0.005)
(0.03255 0.172 -0.005)
(0.0372 0.172 -0.005)
(0.04185 0.172 -0.005)
(0.0465 0.172 -0.005)
(0.05115 0.172 -0.005)
(0.0558 0.172 -0.005)
(0.06045 0.172 -0.005)
(0.0651 0.172 -0.005)
(0.06975 0.172 -0.005)
(0.0744 0.172 -0.005)
(0.07905 0.172 -0.005)
(0.0837 0.172 -0.005)
(0.08835 0.172 -0.005)
(0.093 0.172 -0.005)
(-0.094 0.176 -0.005)
(-0.0893 0.176 -0.005)
(-0.0846 0.176 -0.005)
(-0.0799 0.176 -0.005)
(-0.0752 0.176 -0.005)
(-0.0705 0.176 -0.005)
(-0.0658 0.176 -0.005)
(-0.0611 0.176 -0.005)
(-0.0564 0.176 -0.005)
(-0.0517 0.176 -0.005)
(-0.047 0.176 -0.005)
(-0.0423 0.176 -0.005)
(-0.0376 0.176 -0.005)
(-0.0329 0.176 -0.005)
(-0.0282 0.176 -0.005)
(-0.0235 0.176 -0.005)
(-0.0188 0.176 -0.005)
(-0.0141 0.176 -0.005)
(-0.0094 0.176 -0.005)
(-0.0047 0.176 -0.005)
(0 0.176 -0.005)
(0.0047 0.176 -0.005)
(0.0094 0.176 -0.005)
(0.0141 0.176 -0.005)
(0.0188 0.176 -0.005)
(0.0235 0.176 -0.005)
(0.0282 0.176 -0.005)
(0.0329 0.176 -0.005)
(0.0376 0.176 -0.005)
(0.0423 0.176 -0.005)
(0.047 0.176 -0.005)
(0.0517 0.176 -0.005)
(0.0564 0.176 -0.005)
(0.0611 0.176 -0.005)
(0.0658 0.176 -0.005)
(0.0705 0.176 -0.005)
(0.0752 0.176 -0.005)
(0.0799 0.176 -0.005)
(0.0846 0.176 -0.005)
(0.0893 0.176 -0.005)
(0.094 0.176 -0.005)
(-0.095 0.18 -0.005)
(-0.09025 0.18 -0.005)
(-0.0855 0.18 -0.005)
(-0.08075 0.18 -0.005)
(-0.076 0.18 -0.005)
(-0.07125 0.18 -0.005)
(-0.0665 0.18 -0.005)
(-0.06175 0.18 -0.005)
(-0.057 0.18 -0.005)
(-0.05225 0.18 -0.005)
(-0.0475 0.18 -0.005)
(-0.04275 0.18 -0.005)
(-0.038 0.18 -0.005)
(-0.03325 0.18 -0.005)
(-0.0285 0.18 -0.005)
(-0.02375 0.18 -0.005)
(-0.019 0.18 -0.005)
(-0.01425 0.18 -0.005)
(-0.0095 0.18 -0.005)
(-0.00475 0.18 -0.005)
(0 0.18 -0.005)
(0.00475 0.18 -0.005)
(0.0095 0.18 -0.005)
(0.01425 0.18 -0.005)
(0.019 0.18 -0.005)
(0.02375 0.18 -0.005)
(0.0285 0.18 -0.005)
(0.03325 0.18 -0.005)
(0.038 0.18 -0.005)
(0.04275 0.18 -0.005)
(0.0475 0.18 -0.005)
(0.05225 0.18 -0.005)
(0.057 0.18 -0.005)
(0.06175 0.18 -0.005)
(0.0665 0.18 -0.005)
(0.07125 0.18 -0.005)
(0.076 0.18 -0.005)
(0.08075 0.18 -0.005)
(0.0855 0.18 -0.005)
(0.09025 0.18 -0.005)
(0.095 0.18 -0.005)
(-0.096 0.184 -0.005)
(-0.0912 0.184 -0.005)
(-0.0864 0.184 -0.005)
(-0.0816 0.184 -0.005)
(-0.0768 0.184 -0.005)
(-0.072 0.184 -0.005)
(-0.0672 0.184 -0.005)
(-0.0624 0.184 -0.005)
(-0.0576 0.184 -0.005)
(-0.0528 0.184 -0.005)
(-0.048 0.184 -0.005)
(-0.0432 0.184 -0.005)
(-0.0384 0.184 -0.005)
(-0.0336 0.184 -0.005)
(-0.0288 0.184 -0.005)
(-0.024 0.184 -0.005)
(-0.0192 0.184 -0.005)
(-0.0144 0.184 -0.005)
(-0.0096 0.184 -0.005)
(-0.0048 0.184 -0.005)
(0 0.184 -0.005)
(0.0048 0.184 -0.005)
(0.0096 0.184 -0.005)
(0.0144 0.184 -0.005)
(0.0192 0.184 -0.005)
(0.024 0.184 -0.005)
(0.0288 0.184 -0.005)
(0.0336 0.184 -0.005)
(0.0384 0.184 -0.005)
(0.0432 0.184 -0.005)
(0.048 0.184 -0.005)
(0.0528 0.184 -0.005)
(0.0576 0.184 -0.005)
(0.0624 0.184 -0.005)
(0.0672 0.184 -0.005)
(0.072 0.184 -0.005)
(0.0768 0.184 -0.005)
(0.0816 0.184 -0.005)
(0.0864 0.184 -0.005)
(0.0912 0.184 -0.005)
(0.096 0.184 -0.005)
(-0.097 0.188 -0.005)
(-0.09215 0.188 -0.005)
(-0.0873 0.188 -0.005)
(-0.08245 0.188 -0.005)
(-0.0776 0.188 -0.005)
(-0.07275 0.188 -0.005)
(-0.0679 0.188 -0.005)
(-0.06305 0.188 -0.005)
(-0.0582 0.188 -0.005)
(-0.05335 0.188 -0.005)
(-0.0485 0.188 -0.005)
(-0.04365 0.188 -0.005)
(-0.0388 0.188 -0.005)
(-0.03395 0.188 -0.005)
(-0.0291 0.188 -0.005)
(-0.02425 0.188 -0.005)
(-0.0194 0.188 -0.005)
(-0.01455 0.188 -0.005)
(-0.0097 0.188 -0.005)
(-0.00485 0.188 -0.005)
(0 0.188 -0.005)
(0.00485 0.188 -0.005)
(0.0097 0.188 -0.005)
(0.01455 0.188 -0.005)
(0.0194 0.188 -0.005)
(0.02425 0.188 -0.005)
(0.0291 0.188 -0.005)
(0.03395 0.188 -0.005)
(0.0388 0.188 -0.005)
(0.04365 0.188 -0.005)
(0.0485 0.188 -0.005)
(0.05335 0.188 -0.005)
(0.0582 0.188 -0.005)
(0.06305 0.188 -0.005)
(0.0679 0.188 -0.005)
(0.07275 0.188 -0.005)
(0.0776 0.188 -0.005)
(0.08245 0.188 -0.005)
(0.0873 0.188 -0.005)
(0.09215 0.188 -0.005)
(0.097 0.188 -0.005)
(-0.098 0.192 -0.005)
(-0.0931 0.192 -0.005)
(-0.0882 0.192 -0.005)
(-0.0833 0.192 -0.005)
(-0.0784 0.192 -0.005)
(-0.0735 0.192 -0.005)
(-0.0686 0.192 -0.005)
(-0.0637 0.192 -0.005)
(-0.0588 0.192 -0.005)
(-0.0539 0.192 -0.005)
(-0.049 0.192 -0.005)
(-0.0441 0.192 -0.005)
(-0.0392 0.192 -0.005)
(-0.0343 0.192 -0.005)
(-0.0294 0.192 -0.005)
(-0.0245 0.192 -0.005)
(-0.0196 0.192 -0.005)
(-0.0147 0.192 -0.005)
(-0.0098 0.192 -0.005)
(-0.0049 0.192 -0.005)
(0 0.192 -0.005)
(0.0049 0.192 -0.005)
(0.0098 0.192 -0.005)
(0.0147 0.192 -0.005)
(0.0196 0.192 -0.005)
(0.0245 0.192 -0.005)
(0.0294 0.192 -0.005)
(0.0343 0.192 -0.005)
(0.0392 0.192 -0.005)
(0.0441 0.192 -0.005)
(0.049 0.192 -0.005)
(0.0539 0.192 -0.005)
(0.0588 0.192 -0.005)
(0.0637 0.192 -0.005)
(0.0686 0.192 -0.005)
(0.0735 0.192 -0.005)
(0.0784 0.192 -0.005)
(0.0833 0.192 -0.005)
(0.0882 0.192 -0.005)
(0.0931 0.192 -0.005)
(0.098 0.192 -0.005)
(-0.099 0.196 -0.005)
(-0.09405 0.196 -0.005)
(-0.0891 0.196 -0.005)
(-0.08415 0.196 -0.005)
(-0.0792 0.196 -0.005)
(-0.07425 0.196 -0.005)
(-0.0693 0.196 -0.005)
(-0.06435 0.196 -0.005)
(-0.0594 0.196 -0.005)
(-0.05445 0.196 -0.005)
(-0.0495 0.196 -0.005)
(-0.04455 0.196 -0.005)
(-0.0396 0.196 -0.005)
(-0.03465 0.196 -0.005)
(-0.0297 0.196 -0.005)
(-0.02475 0.196 -0.005)
(-0.0198 0.196 -0.005)
(-0.01485 0.196 -0.005)
(-0.0099 0.196 -0.005)
(-0.00495 0.196 -0.005)
(0 0.196 -0.005)
(0.00495 0.196 -0.005)
(0.0099 0.196 -0.005)
(0.01485 0.196 -0.005)
(0.0198 0.196 -0.005)
(0.02475 0.196 -0.005)
(0.0297 0.196 -0.005)
(0.03465 0.196 -0.005)
(0.0396 0.196 -0.005)
(0.04455 0.196 -0.005)
(0.0495 0.196 -0.005)
(0.05445 0.196 -0.005)
(0.0594 0.196 -0.005)
(0.06435 0.196 -0.005)
(0.0693 0.196 -0.005)
(0.07425 0.196 -0.005)
(0.0792 0.196 -0.005)
(0.08415 0.196 -0.005)
(0.0891 0.196 -0.005)
(0.09405 0.196 -0.005)
(0.099 0.196 -0.005)
(-0.1 0.2 -0.005)
(-0.095 0.2 -0.005)
(-0.09 0.2 -0.005)
(-0.085 0.2 -0.005)
(-0.08 0.2 -0.005)
(-0.075 0.2 -0.005)
(-0.07 0.2 -0.005)
(-0.065 0.2 -0.005)
(-0.06 0.2 -0.005)
(-0.055 0.2 -0.005)
(-0.05 0.2 -0.005)
(-0.045 0.2 -0.005)
(-0.04 0.2 -0.005)
(-0.035 0.2 -0.005)
(-0.03 0.2 -0.005)
(-0.025 0.2 -0.005)
(-0.02 0.2 -0.005)
(-0.015 0.2 -0.005)
(-0.01 0.2 -0.005)
(-0.005 0.2 -0.005)
(0 0.2 -0.005)
(0.005 0.2 -0.005)
(0.01 0.2 -0.005)
(0.015 0.2 -0.005)
(0.02 0.2 -0.005)
(0.025 0.2 -0.005)
(0.03 0.2 -0.005)
(0.035 0.2 -0.005)
(0.04 0.2 -0.005)
(0.045 0.2 -0.005)
(0.05 0.2 -0.005)
(0.055 0.2 -0.005)
(0.06 0.2 -0.005)
(0.065 0.2 -0.005)
(0.07 0.2 -0.005)
(0.075 0.2 -0.005)
(0.08 0.2 -0.005)
(0.085 0.2 -0.005)
(0.09 0.2 -0.005)
(0.095 0.2 -0.005)
(0.1 0.2 -0.005)
(-0.05 0 0.005)
(-0.0475 0 0.005)
(-0.045 0 0.005)
(-0.0425 0 0.005)
(-0.04 0 0.005)
(-0.0375 0 0.005)
(-0.035 0 0.005)
(-0.0325 0 0.005)
(-0.03 0 0.005)
(-0.0275 0 0.005)
(-0.025 0 0.005)
(-0.0225 0 0.005)
(-0.02 0 0.005)
(-0.0175 0 0.005)
(-0.015 0 0.005)
(-0.0125 0 0.005)
(-0.01 0 0.005)
(-0.0075 0 0.005)
(-0.005 0 0.005)
(-0.0025 0 0.005)
(0 0 0.005)
(0.0025 0 0.005)
(0.005 0 0.005)
(0.0075 0 0.005)
(0.01 0 0.005)
(0.0125 0 0.005)
(0.015 0 0.005)
(0.0175 0 0.005)
(0.02 0 0.005)
(0.0225 0 0.005)
(0.025 0 0.005)
(0.0275 0 0.005)
(0.03 0 0.005)
(0.0325 0 0.005)
(0.035 0 0.005)
(0.0375 0 0.005)
(0.04 0 0.005)
(0.0425 0 0.005)
(0.045 0 0.005)
(0.0475 0 0.005)
(0.05 0 0.005)
(-0.051 0.004 0.005)
(-0.04845 0.004 0.005)
(-0.0459 0.004 0.005)
(-0.04335 0.004 0.005)
(-0.0408 0.004 0.005)
(-0.03825 0.004 0.005)
(-0.0357 0.004 0.005)
(-0.03315 0.004 0.005)
(-0.0306 0.004 0.005)
(-0.02805 0.004 0.005)
(-0.0255 0.004 0.005)
(-0.02295 0.004 0.005)
(-0.0204 0.004 0.005)
(-0.01785 0.004 0.005)
(-0.0153 0.004 0.005)
(-0.01275 0.004 0.005)
(-0.0102 0.004 0.005)
(-0.00765 0.004 0.005)
(-0.0051 0.004 0.005)
(-0.00255 0.004 0.005)
(0 0.004 0.005)
(0.00255 0.004 0.005)
(0.0051 0.004 0.005)
(0.00765 0.004 0.005)
(0.0102 0.004 0.005)
(0.01275 0.004 0.005)
(0.0153 0.004 0.005)
(0.01785 0.004 0.005)
(0.0204 0.004 0.005)
(0.02295 0.004 0.005)
(0.0255 0.004 0.005)
(0.02805 0.004 0.005)
(0.0306 0.004 0.005)
(0.03315 0.004 0.005)
(0.0357 0.004 0.005)
(0.03825 0.004 0.005)
(0.0408 0.004 0.005)
(0.04335 0.004 0.005)
(0.0459 0.004 0.005)
(0.04845 0.004 0.005)
(0.051 0.004 0.005)
(-0.052 0.008 0.005)
(-0.0494 0.008 0.005)
(-0.0468 0.008 0.005)
(-0.0442 0.008 0.005)
(-0.0416 0.008 0.005)
(-0.039 0.008 0.005)
(-0.0364 0.008 0.005)
(-0.0338 0.008 0.005)
(-0.0312 0.008 0.005)
(-0.0286 0.008 0.005)
(-0.026 0.008 0.005)
(-0.0234 0.008 0.005)
(-0.0208 0.008 0.005)
(-0.0182 0.008 0.005)
(-0.0156 0.008 0.005)
(-0.013 0.008 0.005)
(-0.0104 0.008 0.005)
(-0.0078 0.008 0.005)
(-0.0052 0.008 0.005)
(-0.0026 0.008 0.005)
(0 0.008 0.005)
(0.0026 0.008 0.005)
(0.0052 0.008 0.005)
(0.0078 0.008 0.005)
(0.0104 0.008 0.005)
(0.013 0.008 0.005)
(0.0156 0.008 0.005)
(0.0182 0.008 0.005)
(0.0208 0.008 0.005)
(0.0234 0.008 0.005)
(0.026 0.008 0.005)
(0.0286 0.008 0.005)
(0.0312 0.008 0.005)
(0.0338 0.008 0.005)
(0.0364 0.008 0.005)
(0.039 0.008 0.005)
(0.0416 0.008 0.005)
(0.0442 0.008 0.005)
(0.0468 0.008 0.005)
(0.0494 0.008 0.005)
(0.052 0.008 0.005)
(-0.053 0.012 0.005)
(-0.05035 0.012 0.005)
(-0.0477 0.012 0.005)
(-0.04505 0.012 0.005)
(-0.0424 0.012 0.005)
(-0.03975 0.012 0.005)
(-0.0371 0.012 0.005)
(-0.03445 0.012 0.005)
(-0.0318 0.012 0.005)
(-0.02915 0.012 0.005)
(-0.0265 0.012 0.005)
(-0.02385 0.012 0.005)
(-0.0212 0.012 0.005)
(-0.01855 0.012 0.005)
(-0.0159 0.012 0.005)
(-0.01325 0.012 0.005)
(-0.0106 0.012 0.005)
(-0.00795 0.012 0.005)
(-0.0053 0.012 0.005)
(-0.00265 0.012 0.005)
(0 0.012 0.005)
(0.00265 0.012 0.005)
(0.0053 0.012 0.005)
(0.00795 0.012 0.005)
(0.0106 0.012 0.005)
(0.01325 0.012 0.005)
(0.0159 0.012 0.005)
(0.01855 0.012 0.005)
(0.0212 0.012 0.005)
(0.02385 0.012 0.005)
(0.0265 0.012 0.005)
(0.02915 0.012 0.005)
(0.0318 0.012 0.005)
(0.03445 0.012 0.005)
(0.0371 0.012 0.005)
(0.03975 0.012 0.005)
(0.0424 0.012 0.005)
(0.04505 0.012 0.005)
(0.0477 0.012 0.005)
(0.05035 0.012 0.005)
(0.053 0.012 0.005)
(-0.054 0.016 0.005)
(-0.0513 0.016 0.005)
(-0.0486 0.016 0.005)
(-0.0459 0.016 0.005)
(-0.0432 0.016 0.005)
(-0.0405 0.016 0.005)
(-0.0378 0.016 0.005)
(-0.0351 0.016 0.005)
(-0.0324 0.016 0.005)
(-0.0297 0.016 0.005)
(-0.027 0.016 0.005)
(-0.0243 0.016 0.005)
(-0.0216 0.016 0.005)
(-0.0189 0.016 0.005)
(-0.0162 0.016 0.005)
(-0.0135 0.016 0.005)
(-0.0108 0.016 0.005)
(-0.0081 0.016 0.005)
(-0.0054 0.016 0.005)
(-0.0027 0.016 0.005)
(0 0.016 0.005)
(0.0027 0.016 0.005)
(0.0054 0.016 0.005)
(0.0081 0.016 0.005)
(0.0108 0.016 0.005)
(0.0135 0.016 0.005)
(0.0162 0.016 0.005)
(0.0189 0.016 0.005)
(0.0216 0.016 0.005)
(0.0243 0.016 0.005)
(0.027 0.016 0.005)
(0.0297 0.016 0.005)
(0.0324 0.016 0.005)
(0.0351 0.016 0.005)
(0.0378 0.016 0.005)
(0.0405 0.016 0.005)
(0.0432 0.016 0.005)
(0.0459 0.016 0.005)
(0.0486 0.016 0.005)
(0.0513 0.016 0.005)
(0.054 0.016 0.005)
(-0.055 0.02 0.005)
(-0.05225 0.02 0.005)
(-0.0495 0.02 0.005)
(-0.04675 0.02 0.005)
(-0.044 0.02 0.005)
(-0.04125 0.02 0.005)
(-0.0385 0.02 0.005)
(-0.03575 0.02 0.005)
(-0.033 0.02 0.005)
(-0.03025 0.02 0.005)
(-0.0275 0.02 0.005)
(-0.02475 0.02 0.005)
(-0.022 0.02 0.005)
(-0.01925 0.02 0.005)
(-0.0165 0.02 0.005)
(-0.01375 0.02 0.005)
(-0.011 0.02 0.005)
(-0.00825 0.02 0.005)
(-0.0055 0.02 0.005)
(-0.00275 0.02 0.005)
(0 0.02 0.005)
(0.00275 0.02 0.005)
(0.0055 0.02 0.005)
(0.00825 0.02 0.005)
(0.011 0.02 0.005)
(0.01375 0.02 0.005)
(0.0165 0.02 0.005)
(0.01925 0.02 0.005)
(0.022 0.02 0.005)
(0.02475 0.02 0.005)
(0.0275 0.02 0.005)
(0.03025 0.02 0.005)
(0.033 0.02 0.005)
(0.03575 0.02 0.005)
(0.0385 0.02 0.005)
(0.04125 0.02 0.005)
(0.044 0.02 0.005)
(0.04675 0.02 0.005)
(0.0495 0.02 0.005)
(0.05225 0.02 0.005)
(0.055 0.02 0.005)
(-0.056 0.024 0.005)
(-0.0532 0.024 0.005)
(-0.0504 0.024 0.005)
(-0.0476 0.024 0.005)
(-0.0448 0.024 0.005)
(-0.042 0.024 0.005)
(-0.0392 0.024 0.005)
(-0.0364 0.024 0.005)
(-0.0336 0.024 0.005)
(-0.0308 0.024 0.005)
(-0.028 0.024 0.005)
(-0.0252 0.024 0.005)
(-0.0224 0.024 0.005)
(-0.0196 0.024 0.005)
(-0.0168 0.024 0.005)
(-0.014 0.024 0.005)
(-0.0112 0.024 0.005)
(-0.0084 0.024 0.005)
(-0.0056 0.024 0.005)
(-0.0028 0.024 0.005)
(0 0.024 0.005)
(0.0028 0.024 0.005)
(0.0056 0.024 0.005)
(0.0084 0.024 0.005)
(0.0112 0.024 0.005)
(0.014 0.024 0.005)
(0.0168 0.024 0.005)
(0.0196 0.024 0.005)
(0.0224 0.024 0.005)
(0.0252 0.024 0.005)
(0.028 0.024 0.005)
(0.0308 0.024 0.005)
(0.0336 0.024 0.005)
(0.0364 0.024 0.005)
(0.0392 0.024 0.005)
(0.042 0.024 0.005)
(0.0448 0.024 0.005)
(0.0476 0.024 0.005)
(0.0504 0.024 0.005)
(0.0532 0.024 0.005)
(0.056 0.024 0.005)
(-0.057 0.028 0.005)
(-0.05415 0.028 0.005)
(-0.0513 0.028 0.005)
(-0.04845 0.028 0.005)
(-0.0456 0.028 0.005)
(-0.04275 0.028 0.005)
(-0.0399 0.028 0.005)
(-0.03705 0.028 0.005)
(-0.0342 0.028 0.005)
(-0.03135 0.028 0.005)
(-0.0285 0.028 0.005)
(-0.02565 0.028 0.005)
(-0.0228 0.028 0.005)
(-0.01995 0.028 0.005)
(-0.0171 0.028 0.005)
(-0.01425 0.028 0.005)
(-0.0114 0.028 0.005)
(-0.00855 0.028 0.005)
(-0.0057 0.028 0.005)
(-0.00285 0.028 0.005)
(0 0.028 0.005)
(0.00285 0.028 0.005)
(0.0057 0.028 0.005)
(0.00855 0.028 0.005)
(0.0114 0.028 0.005)
(0.01425 0.028 0.005)
(0.0171 0.028 0.005)
(0.01995 0.028 0.005)
(0.0228 0.028 0.005)
(0.02565 0.028 0.005)
(0.0285 0.028 0.005)
(0.03135 0.028 0.005)
(0.0342 0.028 0.005)
(0.03705 0.028 0.005)
(0.0399 0.028 0.005)
(0.04275 0.028 0.005)
(0.0456 0.028 0.005)
(0.04845 0.028 0.005)
(0.0513 0.028 0.005)
(0.05415 0.028 0.005)
(0.057 0.028 0.005)
(-0.058 0.032 0.005)
(-0.0551 0.032 0.005)
(-0.0522 0.032 0.005)
(-0.0493 0.032 0.005)
(-0.0464 0.032 0.005)
(-0.0435 0.032 0.005)
(-0.0406 0.032 0.005)
(-0.0377 0.032 0.005)
(-0.0348 0.032 0.005)
(-0.0319 0.032 0.005)
(-0.029 0.032 0.005)
(-0.0261 0.032 0.005)
(-0.0232 0.032 0.005)
(-0.0203 0.032 0.005)
(-0.0174 0.032 0.005)
(-0.0145 0.032 0.005)
(-0.0116 0.032 0.005)
(-0.0087 0.032 0.005)
(-0.0058 0.032 0.005)
(-0.0029 0.032 0.005)
(0 0.032 0.005)
(0.0029 0.032 0.005)
(0.0058 0.032 0.005)
(0.0087 0.032 0.005)
(0.0116 0.032 0.005)
(0.0145 0.032 0.005)
(0.0174 0.032 0.005)
(0.0203 0.032 0.005)
(0.0232 0.032 0.005)
(0.0261 0.032 0.005)
(0.029 0.032 0.005)
(0.0319 0.032 0.005)
(0.0348 0.032 0.005)
(0.0377 0.032 0.005)
(0.0406 0.032 0.005)
(0.0435 0.032 0.005)
(0.0464 0.032 0.005)
(0.0493 0.032 0.005)
(0.0522 0.032 0.005)
(0.0551 0.032 0.005)
(0.058 0.032 0.005)
(-0.059 0.036 0.005)
(-0.05605 0.036 0.005)
(-0.0531 0.036 0.005)
(-0.05015 0.036 0.005)
(-0.0472 0.036 0.005)
(-0.04425 0.036 0.005)
(-0.0413 0.036 0.005)
(-0.03835 0.036 0.005)
(-0.0354 0.036 0.005)
(-0.03245 0.036 0.005)
(-0.0295 0.036 0.005)
(-0.02655 0.036 0.005)
(-0.0236 0.036 0.005)
(-0.02065 0.036 0.005)
(-0.0177 0.036 0.005)
(-0.01475 0.036 0.005)
(-0.0118 0.036 0.005)
(-0.00885 0.036 0.005)
(-0.0059 0.036 0.005)
(-0.00295 0.036 0.005)
(0 0.036 0.005)
(0.00295 0.036 0.005)
(0.0059 0.036 0.005)
(0.00885 0.036 0.005)
(0.0118 0.036 0.005)
(0.01475 0.036 0.005)
(0.0177 0.036 0.005)
(0.02065 0.036 0.005)
(0.0236 0.036 0.005)
(0.02655 0.036 0.005)
(0.0295 0.036 0.005)
(0.03245 0.036 0.005)
(0.0354 0.036 0.005)
(0.03835 0.036 0.005)
(0.0413 0.036 0.005)
(0.04425 0.036 0.005)
(0.0472 0.036 0.005)
(0.05015 0.036 0.005)
(0.0531 0.036 0.005)
(0.05605 0.036 0.005)
(0.059 0.036 0.005)
(-0.06 0.04 0.005)
(-0.057 0.04 0.005)
(-0.054 0.04 0.005)
(-0.051 0.04 0.005)
(-0.048 0.04 0.005)
(-0.045 0.04 0.005)
(-0.042 0.04 0.005)
(-0.039 0.04 0.005)
(-0.036 0.04 0.005)
(-0.033 0.04 0.005)
(-0.03 0.04 0.005)
(-0.027 0.04 0.005)
(-0.024 0.04 0.005)
(-0.021 0.04 0.005)
(-0.018 0.04 0.005)
(-0.015 0.04 0.005)
(-0.012 0.04 0.005)
(-0.009 0.04 0.005)
(-0.006 0.04 0.005)
(-0.003 0.04 0.005)
(0 0.04 0.005)
(0.003 0.04 0.005)
(0.006 0.04 0.005)
(0.009 0.04 0.005)
(0.012 0.04 0.005)
(0.015 0.04 0.005)
(0.018 0.04 0.005)
(0.021 0.04 0.005)
(0.024 0.04 0.005)
(0.027 0.04 0.005)
(0.03 0.04 0.005)
(0.033 0.04 0.005)
(0.036 0.04 0.005)
(0.039 0.04 0.005)
(0.042 0.04 0.005)
(0.045 0.04 0.005)
(0.048 0.04 0.005)
(0.051 0.04 0.005)
(0.054 0.04 0.005)
(0.057 0.04 0.005)
(0.06 0.04 0.005)
(-0.061 0.044 0.005)
(-0.05795 0.044 0.005)
(-0.0549 0.044 0.005)
(-0.05185 0.044 0.005)
(-0.0488 0.044 0.005)
(-0.04575 0.044 0.005)
(-0.0427 0.044 0.005)
(-0.03965 0.044 0.005)
(-0.0366 0.044 0.005)
(-0.03355 0.044 0.005)
(-0.0305 0.044 0.005)
(-0.02745 0.044 0.005)
(-0.0244 0.044 0.005)
(-0.02135 0.044 0.005)
(-0.0183 0.044 0.005)
(-0.01525 0.044 0.005)
(-0.0122 0.044 0.005)
(-0.00915 0.044 0.005)
(-0.0061 0.044 0.005)
(-0.00305 0.044 0.005)
(0 0.044 0.005)
(0.00305 0.044 0.005)
(0.0061 0.044 0.005)
(0.00915 0.044 0.005)
(0.0122 0.044 0.005)
(0.01525 0.044 0.005)
(0.0183 0.044 0.005)
(0.02135 0.044 0.005)
(0.0244 0.044 0.005)
(0.02745 0.044 0.005)
(0.0305 0.044 0.005)
(0.03355 0.044 0.005)
(0.0366 0.044 0.005)
(0.03965 0.044 0.005)
(0.0427 0.044 0.005)
(0.04575 0.044 0.005)
(0.0488 0.044 0.005)
(0.05185 0.044 0.005)
(0.0549 0.044 0.005)
(0.05795 0.044 0.005)
(0.061 0.044 0.005)
(-0.062 0.048 0.005)
(-0.0589 0.048 0.005)
(-0.0558 0.048 0.005)
(-0.0527 0.048 0.005)
(-0.0496 0.048 0.005)
(-0.0465 0.048 0.005)
(-0.0434 0.048 0.005)
(-0.0403 0.048 0.005)
(-0.0372 0.048 0.005)
(-0.0341 0.048 0.005)
(-0.031 0.048 0.005)
(-0.0279 0.048 0.005)
(-0.0248 0.048 0.005)
(-0.0217 0.048 0.005)
(-0.0186 0.048 0.005)
(-0.0155 0.048 0.005)
(-0.0124 0.048 0.005)
(-0.0093 0.048 0.005)
(-0.0062 0.048 0.005)
(-0.0031 0.048 0.005)
(0 0.048 0.005)
(0.0031 0.048 0.005)
(0.0062 0.048 0.005)
(0.0093 0.048 0.005)
(0.0124 0.048 0.005)
(0.0155 0.048 0.005)
(0.0186 0.048 0.005)
(0.0217 0.048 0.005)
(0.0248 0.048 0.005)
(0.0279 0.048 0.005)
(0.031 0.048 0.005)
(0.0341 0.048 0.005)
(0.0372 0.048 0.005)
(0.0403 0.048 0.005)
(0.0434 0.048 0.005)
(0.0465 0.048 0.005)
(0.0496 0.048 0.005)
(0.0527 0.048 0.005)
(0.0558 0.048 0.005)
(0.0589 0.048 0.005)
(0.062 0.048 0.005)
(-0.063 0.052 0.005)
(-0.05985 0.052 0.005)
(-0.0567 0.052 0.005)
(-0.05355 0.052 0.005)
(-0.0504 0.052 0.005)
(-0.04725 0.052 0.005)
(-0.0441 0.052 0.005)
(-0.04095 0.052 0.005)
(-0.0378 0.052 0.005)
(-0.03465 0.052 0.005)
(-0.0315 0.052 0.005)
(-0.02835 0.052 0.005)
(-0.0252 0.052 0.005)
(-0.02205 0.052 0.005)
(-0.0189 0.052 0.005)
(-0.01575 0.052 0.005)
(-0.0126 0.052 0.005)
(-0.00945 0.052 0.005)
(-0.0063 0.052 0.005)
(-0.00315 0.052 0.005)
(0 0.052 0.005)
(0.00315 0.052 0.005)
(0.0063 0.052 0.005)
(0.00945 0.052 0.005)
(0.0126 0.052 0.005)
(0.01575 0.052 0.005)
(0.0189 0.052 0.005)
(0.02205 0.052 0.005)
(0.0252 0.052 0.005)
(0.02835 0.052 0.005)
(0.0315 0.052 0.005)
(0.03465 0.052 0.005)
(0.0378 0.052 0.005)
(0.04095 0.052 0.005)
(0.0441 0.052 0.005)
(0.04725 0.052 0.005)
(0.0504 0.052 0.005)
(0.05355 0.052 0.005)
(0.0567 0.052 0.005)
(0.05985 0.052 0.005)
(0.063 0.052 0.005)
(-0.064 0.056 0.005)
(-0.0608 0.056 0.005)
(-0.0576 0.056 0.005)
(-0.0544 0.056 0.005)
(-0.0512 0.056 0.005)
(-0.048 0.056 0.005)
(-0.0448 0.056 0.005)
(-0.0416 0.056 0.005)
(-0.0384 0.056 0.005)
(-0.0352 0.056 0.005)
(-0.032 0.056 0.005)
(-0.0288 0.056 0.005)
(-0.0256 0.056 0.005)
(-0.0224 0.056 0.005)
(-0.0192 0.056 0.005)
(-0.016 0.056 0.005)
(-0.0128 0.056 0.005)
(-0.0096 0.056 0.005)
(-0.0064 0.056 0.005)
(-0.0032 0.056 0.005)
(0 0.056 0.005)
(0.0032 0.056 0.005)
(0.0064 0.056 0.005)
(0.0096 0.056 0.005)
(0.0128 0.056 0.005)
(0.016 0.056 0.005)
(0.0192 0.056 0.005)
(0.0224 0.056 0.005)
(0.0256 0.056 0.005)
(0.0288 0.056 0.005)
(0.032 0.056 0.005)
(0.0352 0.056 0.005)
(0.0384 0.056 0.005)
(0.0416 0.056 0.005)
(0.0448 0.056 0.005)
(0.048 0.056 0.005)
(0.0512 0.056 0.005)
(0.0544 0.056 0.005)
(0.0576 0.056 0.005)
(0.0608 0.056 0.005)
(0.064 0.056 0.005)
(-0.065 0.06 0.005)
(-0.06175 0.06 0.005)
(-0.0585 0.06 0.005)
(-0.05525 0.06 0.005)
(-0.052 0.06 0.005)
(-0.04875 0.06 0.005)
(-0.0455 0.06 0.005)
(-0.04225 0.06 0.005)
(-0.039 0.06 0.005)
(-0.03575 0.06 0.005)
(-0.0325 0.06 0.005)
(-0.02925 0.06 0.005)
(-0.026 0.06 0.005)
(-0.02275 0.06 0.005)
(-0.0195 0.06 0.005)
(-0.01625 0.06 0.005)
(-0.013 0.06 0.005)
(-0.00975 0.06 0.005)
(-0.0065 0.06 0.005)
(-0.00325 0.06 0.005)
(0 0.06 0.005)
(0.00325 0.06 0.005)
(0.0065 0.06 0.005)
(0.00975 0.06 0.005)
(0.013 0.06 0.005)
(0.01625 0.06 0.005)
(0.0195 0.06 0.005)
(0.02275 0.06 0.005)
(0.026 0.06 0.005)
(0.02925 0.06 0.005)
(0.0325 0.06 0.005)
(0.03575 0.06 0.005)
(0.039 0.06 0.005)
(0.04225 0.06 0.005)
(0.0455 0.06 0.005)
(0.04875 0.06 0.005)
(0.052 0.06 0.005)
(0.05525 0.06 0.005)
(0.0585 0.06 0.005)
(0.06175 0.06 0.005)
(0.065 0.06 0.005)
(-0.066 0.064 0.005)
(-0.0627 0.064 0.005)
(-0.0594 0.064 0.005)
(-0.0561 0.064 0.005)
(-0.0528 0.064 0.005)
(-0.0495 0.064 0.005)
(-0.0462 0.064 0.005)
(-0.0429 0.064 0.005)
(-0.0396 0.064 0.005)
(-0.0363 0.064 0.005)
(-0.033 0.064 0.005)
(-0.0297 0.064 0.005)
(-0.0264 0.064 0.005)
(-0.0231 0.064 0.005)
(-0.0198 0.064 0.005)
(-0.0165 0.064 0.005)
(-0.0132 0.064 0.005)
(-0.0099 0.064 0.005)
(-0.0066 0.064 0.005)
(-0.0033 0.064 0.005)
(0 0.064 0.005)
(0.0033 0.064 0.005)
(0.0066 0.064 0.005)
(0.0099 0.064 0.005)
(0.0132 0.064 0.005)
(0.0165 0.064 0.005)
(0.0198 0.064 0.005)
(0.0231 0.064 0.005)
(0.0264 0.064 0.005)
(0.0297 0.064 0.005)
(0.033 0.064 0.005)
(0.0363 0.064 0.005)
(0.0396 0.064 0.005)
(0.0429 0.064 0.005)
(0.0462 0.064 0.005)
(0.0495 0.064 0.005)
(0.0528 0.064 0.005)
(0.0561 0.064 0.005)
(0.0594 0.064 0.005)
(0.0627 0.064 0.005)
(0.066 0.064 0.005)
(-0.067 0.068 0.005)
(-0.06365 0.068 0.005)
(-0.0603 0.068 0.005)
(-0.05695 0.068 0.005)
(-0.0536 0.068 0.005)
(-0.05025 0.068 0.005)
(-0.0469 0.068 0.005)
(-0.04355 0.068 0.005)
(-0.0402 0.068 0.005)
(-0.03685 0.068 0.005)
(-0.0335 0.068 0.005)
(-0.03015 0.068 0.005)
(-0.0268 0.068 0.005)
(-0.02345 0.068 0.005)
(-0.0201 0.068 0.005)
(-0.01675 0.068 0.005)
(-0.0134 0.068 0.005)
(-0.01005 0.068 0.005)
(-0.0067 0.068 0.005)
(-0.00335 0.068 0.005)
(0 0.068 0.005)
(0.00335 0.068 0.005)
(0.0067 0.068 0.005)
(0.01005 0.068 0.005)
(0.0134 0.068 0.005)
(0.01675 0.068 0.005)
(0.0201 0.068 0.005)
(0.02345 0.068 0.005)
(0.0268 0.068 0.005)
(0.03015 0.068 0.005)
(0.0335 0.068 0.005)
(0.03685 0.068 0.005)
(0.0402 0.068 0.005)
(0.04355 0.068 0.005)
(0.0469 0.068 0.005)
(0.05025 0.068 0.005)
(0.0536 0.068 0.005)
(0.05695 0.068 0.005)
(0.0603 0.068 0.005)
(0.06365 0.068 0.005)
(0.067 0.068 0.005)
(-0.068 0.072 0.005)
(-0.0646 0.072 0.005)
(-0.0612 0.072 0.005)
(-0.0578 0.072 0.005)
(-0.0544 0.072 0.005)
(-0.051 0.072 0.005)
(-0.0476 0.072 0.005)
(-0.0442 0.072 0.005)
(-0.0408 0.072 0.005)
(-0.0374 0.072 0.005)
(-0.034 0.072 0.005)
(-0.0306 0.072 0.005)
(-0.0272 0.072 0.005)
(-0.0238 0.072 0.005)
(-0.0204 0.072 0.005)
(-0.017 0.072 0.005)
(-0.0136 0.072 0.005)
(-0.0102 0.072 0.005)
(-0.0068 0.072 0.005)
(-0.0034 0.072 0.005)
(0 0.072 0.005)
(0.0034 0.072 0.005)
(0.0068 0.072 0.005)
(0.0102 0.072 0.005)
(0.0136 0.072 0.005)
(0.017 0.072 0.005)
(0.0204 0.072 0.005)
(0.0238 0.072 0.005)
(0.0272 0.072 0.005)
(0.0306 0.072 0.005)
(0.034 0.072 0.005)
(0.0374 0.072 0.005)
(0.0408 0.072 0.005)
(0.0442 0.072 0.005)
(0.0476 0.072 0.005)
(0.051 0.072 0.005)
(0.0544 0.072 0.005)
(0.0578 0.072 0.005)
(0.0612 0.072 0.005)
(0.0646 0.072 0.005)
(0.068 0.072 0.005)
(-0.069 0.076 0.005)
(-0.06555 0.076 0.005)
(-0.0621 0.076 0.005)
(-0.05865 0.076 0.005)
(-0.0552 0.076 0.005)
(-0.05175 0.076 0.005)
(-0.0483 0.076 0.005)
(-0.04485 0.076 0.005)
(-0.0414 0.076 0.005)
(-0.03795 0.076 0.005)
(-0.0345 0.076 0.005)
(-0.03105 0.076 0.005)
(-0.0276 0.076 0.005)
(-0.02415 0.076 0.005)
(-0.0207 0.076 0.005)
(-0.01725 0.076 0.005)
(-0.0138 0.076 0.005)
(-0.01035 0.076 0.005)
(-0.0069 0.076 0.005)
(-0.00345 0.076 0.005)
(0 0.076 0.005)
(0.00345 0.076 0.005)
(0.0069 0.076 0.005)
(0.01035 0.076 0.005)
(0.0138 0.076 0.005)
(0.01725 0.076 0.005)
(0.0207 0.076 0.005)
(0.02415 0.076 0.005)
(0.0276 0.076 0.005)
(0.03105 0.076 0.005)
(0.0345 0.076 0.005)
(0.03795 0.076 0.005)
(0.0414 0.076 0.005)
(0.04485 0.076 0.005)
(0.0483 0.076 0.005)
(0.05175 0.076 0.005)
(0.0552 0.076 0.005)
(0.05865 0.076 0.005)
(0.0621 0.076 0.005)
(0.06555 0.076 0.005)
(0.069 0.076 0.005)
(-0.07 0.08 0.005)
(-0.0665 0.08 0.005)
(-0.063 0.08 0.005)
(-0.0595 0.08 0.005)
(-0.056 0.08 0.005)
(-0.0525 0.08 0.005)
(-0.049 0.08 0.005)
(-0.0455 0.08 0.005)
(-0.042 0.08 0.005)
(-0.0385 0.08 0.005)
(-0.035 0.08 0.005)
(-0.0315 0.08 0.005)
(-0.028 0.08 0.005)
(-0.0245 0.08 0.005)
(-0.021 0.08 0.005)
(-0.0175 0.08 0.005)
(-0.014 0.08 0.005)
(-0.0105 0.08 0.005)
(-0.007 0.08 0.005)
(-0.0035 0.08 0.005)
(0 0.08 0.005)
(0.0035 0.08 0.005)
(0.007 0.08 0.005)
(0.0105 0.08 0.005)
(0.014 0.08 0.005)
(0.0175 0.08 0.005)
(0.021 0.08 0.005)
(0.0245 0.08 0.005)
(0.028 0.08 0.005)
(0.0315 0.08 0.005)
(0.035 0.08 0.005)
(0.0385 0.08 0.005)
(0.042 0.08 0.005)
(0.0455 0.08 0.005)
(0.049 0.08 0.005)
(0.0525 0.08 0.005)
(0.056 0.08 0.005)
(0.0595 0.08 0.005)
(0.063 0.08 0.005)
(0.0665 0.08 0.005)
(0.07 0.08 0.005)
(-0.071 0.084 0.005)
(-0.06745 0.084 0.005)
(-0.0639 0.084 0.005)
(-0.06035 0.084 0.005)
(-0.0568 0.084 0.005)
(-0.05325 0.084 0.005)
(-0.0497 0.084 0.005)
(-0.04615 0.084 0.005)
(-0.0426 0.084 0.005)
(-0.03905 0.084 0.005)
(-0.0355 0.084 0.005)
(-0.03195 0.084 0.005)
(-0.0284 0.084 0.005)
(-0.02485 0.084 0.005)
(-0.0213 0.084 0.005)
(-0.01775 0.084 0.005)
(-0.0142 0.084 0.005)
(-0.01065 0.084 0.005)
(-0.0071 0.084 0.005)
(-0.00355 0.084 0.005)
(0 0.084 0.005)
(0.00355 0.084 0.005)
(0.0071 0.084 0.005)
(0.01065 0.084 0.005)
(0.0142 0.084 0.005)
(0.01775 0.084 0.005)
(0.0213 0.084 0.005)
(0.02485 0.084 0.005)
(0.0284 0.084 0.005)
(0.03195 0.084 0.005)
(0.0355 0.084 0.005)
(0.03905 0.084 0.005)
(0.0426 0.084 0.005)
(0.04615 0.084 0.005)
(0.0497 0.084 0.005)
(0.05325 0.084 0.005)
(0.0568 0.084 0.005)
(0.06035 0.084 0.005)
(0.0639 0.084 0.005)
(0.06745 0.084 0.005)
(0.071 0.084 0.005)
(-0.072 0.088 0.005)
(-0.0684 0.088 0.005)
(-0.0648 0.088 0.005)
(-0.0612 0.088 0.005)
(-0.0576 0.088 0.005)
(-0.054 0.088 0.005)
(-0.0504 0.088 0.005)
(-0.0468 0.088 0.005)
(-0.0432 0.088 0.005)
(-0.0396 0.088 0.005)
(-0.036 0.088 0.005)
(-0.0324 0.088 0.005)
(-0.0288 0.088 0.005)
(-0.0252 0.088 0.005)
(-0.0216 0.088 0.005)
(-0.018 0.088 0.005)
(-0.0144 0.088 0.005)
(-0.0108 0.088 0.005)
(-0.0072 0.088 0.005)
(-0.0036 0.088 0.005)
(0 0.088 0.005)
(0.0036 0.088 0.005)
(0.0072 0.088 0.005)
(0.0108 0.088 0.005)
(0.0144 0.088 0.005)
(0.018 0.088 0.005)
(0.0216 0.088 0.005)
(0.0252 0.088 0.005)
(0.0288 0.088 0.005)
(0.0324 0.088 0.005)
(0.036 0.088 0.005)
(0.0396 0.088 0.005)
(0.0432 0.088 0.005)
(0.0468 0.088 0.005)
(0.0504 0.088 0.005)
(0.054 0.088 0.005)
(0.0576 0.088 0.005)
(0.0612 0.088 0.005)
(0.0648 0.088 0.005)
(0.0684 0.088 0.005)
(0.072 0.088 0.005)
(-0.073 0.092 0.005)
(-0.06935 0.092 0.005)
(-0.0657 0.092 0.005)
(-0.06205 0.092 0.005)
(-0.0584 0.092 0.005)
(-0.05475 0.092 0.005)
(-0.0511 0.092 0.005)
(-0.04745 0.092 0.005)
(-0.0438 0.092 0.005)
(-0.04015 0.092 0.005)
(-0.0365 0.092 0.005)
(-0.03285 0.092 0.005)
(-0.0292 0.092 0.005)
(-0.02555 0.092 0.005)
(-0.0219 0.092 0.005)
(-0.01825 0.092 0.005)
(-0.0146 0.092 0.005)
(-0.01095 0.092 0.005)
(-0.0073 0.092 0.005)
(-0.00365 0.092 0.005)
(0 0.092 0.005)
(0.00365 0.092 0.005)
(0.0073 0.092 0.005)
(0.01095 0.092 0.005)
(0.0146 0.092 0.005)
(0.01825 0.092 0.005)
(0.0219 0.092 0.005)
(0.02555 0.092 0.005)
(0.0292 0.092 0.005)
(0.03285 0.092 0.005)
(0.0365 0.092 0.005)
(0.04015 0.092 0.005)
(0.0438 0.092 0.005)
(0.04745 0.092 0.005)
(0.0511 0.092 0.005)
(0.05475 0.092 0.005)
(0.0584 0.092 0.005)
(0.06205 0.092 0.005)
(0.0657 0.092 0.005)
(0.06935 0.092 0.005)
(0.073 0.092 0.005)
(-0.074 0.096 0.005)
(-0.0703 0.096 0.005)
(-0.0666 0.096 0.005)
(-0.0629 0.096 0.005)
(-0.0592 0.096 0.005)
(-0.0555 0.096 0.005)
(-0.0518 0.096 0.005)
(-0.0481 0.096 0.005)
(-0.0444 0.096 0.005)
(-0.0407 0.096 0.005)
(-0.037 0.096 0.005)
(-0.0333 0.096 0.005)
(-0.0296 0.096 0.005)
(-0.0259 0.096 0.005)
(-0.0222 0.096 0.005)
(-0.0185 0.096 0.005)
(-0.0148 0.096 0.005)
(-0.0111 0.096 0.005)
(-0.0074 0.096 0.005)
(-0.0037 0.096 0.005)
(0 0.096 0.005)
(0.0037 0.096 0.005)
(0.0074 0.096 0.005)
(0.0111 0.096 0.005)
(0.0148 0.096 0.005)
(0.0185 0.096 0.005)
(0.0222 0.096 0.005)
(0.0259 0.096 0.005)
(0.0296 0.096 0.005)
(0.0333 0.096 0.005)
(0.037 0.096 0.005)
(0.0407 0.096 0.005)
(0.0444 0.096 0.005)
(0.0481 0.096 0.005)
(0.0518 0.096 0.005)
(0.0555 0.096 0.005)
(0.0592 0.096 0.005)
(0.0629 0.096 0.005)
(0.0666 0.096 0.005)
(0.0703 0.096 0.005)
(0.074 0.096 0.005)
(-0.075 0.1 0.005)
(-0.07125 0.1 0.005)
(-0.0675 0.1 0.005)
(-0.06375 0.1 0.005)
(-0.06 0.1 0.005)
(-0.05625 0.1 0.005)
(-0.0525 0.1 0.005)
(-0.04875 0.1 0.005)
(-0.045 0.1 0.005)
(-0.04125 0.1 0.005)
(-0.0375 0.1 0.005)
(-0.03375 0.1 0.005)
(-0.03 0.1 0.005)
(-0.02625 0.1 0.005)
(-0.0225 0.1 0.005)
(-0.01875 0.1 0.005)
(-0.015 0.1 0.005)
(-0.01125 0.1 0.005)
(-0.0075 0.1 0.005)
(-0.00375 0.1 0.005)
(0 0.1 0.005)
(0.00375 0.1 0.005)
(0.0075 0.1 0.005)
(0.01125 0.1 0.005)
(0.015 0.1 0.005)
(0.01875 0.1 0.005)
(0.0225 0.1 0.005)
(0.02625 0.1 0.005)
(0.03 0.1 0.005)
(0.03375 0.1 0.005)
(0.0375 0.1 0.005)
(0.04125 0.1 0.005)
(0.045 0.1 0.005)
(0.04875 0.1 0.005)
(0.0525 0.1 0.005)
(0.05625 0.1 0.005)
(0.06 0.1 0.005)
(0.06375 0.1 0.005)
(0.0675 0.1 0.005)
(0.07125 0.1 0.005)
(0.075 0.1 0.005)
(-0.076 0.104 0.005)
(-0.0722 0.104 0.005)
(-0.0684 0.104 0.005)
(-0.0646 0.104 0.005)
(-0.0608 0.104 0.005)
(-0.057 0.104 0.005)
(-0.0532 0.104 0.005)
(-0.0494 0.104 0.005)
(-0.0456 0.104 0.005)
(-0.0418 0.104 0.005)
(-0.038 0.104 0.005)
(-0.0342 0.104 0.005)
(-0.0304 0.104 0.005)
(-0.0266 0.104 0.005)
(-0.0228 0.104 0.005)
(-0.019 0.104 0.005)
(-0.0152 0.104 0.005)
(-0.0114 0.104 0.005)
(-0.0076 0.104 0.005)
(-0.0038 0.104 0.005)
(0 0.104 0.005)
(0.0038 0.104 0.005)
(0.0076 0.104 0.005)
(0.0114 0.104 0.005)
(0.0152 0.104 0.005)
(0.019 0.104 0.005)
(0.0228 0.104 0.005)
(0.0266 0.104 0.005)
(0.0304 0.104 0.005)
(0.0342 0.104 0.005)
(0.038 0.104 0.005)
(0.0418 0.104 0.005)
(0.0456 0.104 0.005)
(0.0494 0.104 0.005)
(0.0532 0.104 0.005)
(0.057 0.104 0.005)
(0.0608 0.104 0.005)
(0.0646 0.104 0.005)
(0.0684 0.104 0.005)
(0.0722 0.104 0.005)
(0.076 0.104 0.005)
(-0.077 0.108 0.005)
(-0.07315 0.108 0.005)
(-0.0693 0.108 0.005)
(-0.06545 0.108 0.005)
(-0.0616 0.108 0.005)
(-0.05775 0.108 0.005)
(-0.0539 0.108 0.005)
(-0.05005 0.108 0.005)
(-0.0462 0.108 0.005)
(-0.04235 0.108 0.005)
(-0.0385 0.108 0.005)
(-0.03465 0.108 0.005)
(-0.0308 0.108 0.005)
(-0.02695 0.108 0.005)
(-0.0231 0.108 0.005)
(-0.01925 0.108 0.005)
(-0.0154 0.108 0.005)
(-0.01155 0.108 0.005)
(-0.0077 0.108 0.005)
(-0.00385 0.108 0.005)
(0 0.108 0.005)
(0.00385 0.108 0.005)
(0.0077 0.108 0.005)
(0.01155 0.108 0.005)
(0.0154 0.108 0.005)
(0.01925 0.108 0.005)
(0.0231 0.108 0.005)
(0.02695 0.108 0.005)
(0.0308 0.108 0.005)
(0.03465 0.108 0.005)
(0.0385 0.108 0.005)
(0.04235 0.108 0.005)
(0.0462 0.108 0.005)
(0.05005 0.108 0.005)
(0.0539 0.108 0.005)
(0.05775 0.108 0.005)
(0.0616 0.108 0.005)
(0.06545 0.108 0.005)
(0.0693 0.108 0.005)
(0.07315 0.108 0.005)
(0.077 0.108 0.005)
(-0.078 0.112 0.005)
(-0.0741 0.112 0.005)
(-0.0702 0.112 0.005)
(-0.0663 0.112 0.005)
(-0.0624 0.112 0.005)
(-0.0585 0.112 0.005)
(-0.0546 0.112 0.005)
(-0.0507 0.112 0.005)
(-0.0468 0.112 0.005)
(-0.0429 0.112 0.005)
(-0.039 0.112 0.005)
(-0.0351 0.112 0.005)
(-0.0312 0.112 0.005)
(-0.0273 0.112 0.005)
(-0.0234 0.112 0.005)
(-0.0195 0.112 0.005)
(-0.0156 0.112 0.005)
(-0.0117 0.112 0.005)
(-0.0078 0.112 0.005)
(-0.0039 0.112 0.005)
(0 0.112 0.005)
(0.0039 0.112 0.005)
(0.0078 0.112 0.005)
(0.0117 0.112 0.005)
(0.0156 0.112 0.005)
(0.0195 0.112 0.005)
(0.0234 0.112 0.005)
(0.0273 0.112 0.005)
(0.0312 0.112 0.005)
(0.0351 0.112 0.005)
(0.039 0.112 0.005)
(0.0429 0.112 0.005)
(0.0468 0.112 0.005)
(0.0507 0.112 0.005)
(0.0546 0.112 0.005)
(0.0585 0.112 0.005)
(0.0624 0.112 0.005)
(0.0663 0.112 0.005)
(0.0702 0.112 0.005)
(0.0741 0.112 0.005)
(0.078 0.112 0.005)
(-0.079 0.116 0.005)
(-0.07505 0.116 0.005)
(-0.0711 0.116 0.005)
(-0.06715 0.116 0.005)
(-0.0632 0.116 0.005)
(-0.05925 0.116 0.005)
(-0.0553 0.116 0.005)
(-0.05135 0.116 0.005)
(-0.0474 0.116 0.005)
(-0.04345 0.116 0.005)
(-0.0395 0.116 0.005)
(-0.03555 0.116 0.005)
(-0.0316 0.116 0.005)
(-0.02765 0.116 0.005)
(-0.0237 0.116 0.005)
(-0.01975 0.116 0.005)
(-0.0158 0.116 0.005)
(-0.01185 0.116 0.005)
(-0.0079 0.116 0.005)
(-0.00395 0.116 0.005)
(0 0.116 0.005)
(0.00395 0.116 0.005)
(0.0079 0.116 0.005)
(0.01185 0.116 0.005)
(0.0158 0.116 0.005)
(0.01975 0.116 0.005)
(0.0237 0.116 0.005)
(0.02765 0.116 0.005)
(0.0316 0.116 0.005)
(0.03555 0.116 0.005)
(0.0395 0.116 0.005)
(0.04345 0.116 0.005)
(0.0474 0.116 0.005)
(0.05135 0.116 0.005)
(0.0553 0.116 0.005)
(0.05925 0.116 0.005)
(0.0632 0.116 0.005)
(0.06715 0.116 0.005)
(0.0711 0.116 0.005)
(0.07505 0.116 0.005)
(0.079 0.116 0.005)
(-0.08 0.12 0.005)
(-0.076 0.12 0.005)
(-0.072 0.12 0.005)
(-0.068 0.12 0.005)
(-0.064 0.12 0.005)
(-0.06 0.12 0.005)
(-0.056 0.12 0.005)
(-0.052 0.12 0.005)
(-0.048 0.12 0.005)
(-0.044 0.12 0.005)
(-0.04 0.12 0.005)
(-0.036 0.12 0.005)
(-0.032 0.12 0.005)
(-0.028 0.12 0.005)
(-0.024 0.12 0.005)
(-0.02 0.12 0.005)
(-0.016 0.12 0.005)
(-0.012 0.12 0.005)
(-0.008 0.12 0.005)
(-0.004 0.12 0.005)
(0 0.12 0.005)
(0.004 0.12 0.005)
(0.008 0.12 0.005)
(0.012 0.12 0.005)
(0.016 0.12 0.005)
(0.02 0.12 0.005)
(0.024 0.12 0.005)
(0.028 0.12 0.005)
(0.032 0.12 0.005)
(0.036 0.12 0.005)
(0.04 0.12 0.005)
(0.044 0.12 0.005)
(0.048 0.12 0.005)
(0.052 0.12 0.005)
(0.056 0.12 0.005)
(0.06 0.12 0.005)
(0.064 0.12 0.005)
(0.068 0.12 0.005)
(0.072 0.12 0.005)
(0.076 0.12 0.005)
(0.08 0.12 0.005)
(-0.081 0.124 0.005)
(-0.07695 0.124 0.005)
(-0.0729 0.124 0.005)
(-0.06885 0.124 0.005)
(-0.0648 0.124 0.005)
(-0.06075 0.124 0.005)
(-0.0567 0.124 0.005)
(-0.05265 0.124 0.005)
(-0.0486 0.124 0.005)
(-0.04455 0.124 0.005)
(-0.0405 0.124 0.005)
(-0.03645 0.124 0.005)
(-0.0324 0.124 0.005)
(-0.02835 0.124 0.005)
(-0.0243 0.124 0.005)
(-0.02025 0.124 0.005)
(-0.0162 0.124 0.005)
(-0.01215 0.124 0.005)
(-0.0081 0.124 0.005)
(-0.00405 0.124 0.005)
(0 0.124 0.005)
(0.00405 0.124 0.005)
(0.0081 0.124 0.005)
(0.01215 0.124 0.005)
(0.0162 0.124 0.005)
(0.02025 0.124 0.005)
(0.0243 0.124 0.005)
(0.02835 0.124 0.005)
(0.0324 0.124 0.005)
(0.03645 0.124 0.005)
(0.0405 0.124 0.005)
(0.04455 0.124 0.005)
(0.0486 0.124 0.005)
(0.05265 0.124 0.005)
(0.0567 0.124 0.005)
(0.06075 0.124 0.005)
(0.0648 0.124 0.005)
(0.06885 0.124 0.005)
(0.0729 0.124 0.005)
(0.07695 0.124 0.005)
(0.081 0.124 0.005)
(-0.082 0.128 0.005)
(-0.0779 0.128 0.005)
(-0.0738 0.128 0.005)
(-0.0697 0.128 0.005)
(-0.0656 0.128 0.005)
(-0.0615 0.128 0.005)
(-0.0574 0.128 0.005)
(-0.0533 0.128 0.005)
(-0.0492 0.128 0.005)
(-0.0451 0.128 0.005)
(-0.041 0.128 0.005)
(-0.0369 0.128 0.005)
(-0.0328 0.128 0.005)
(-0.0287 0.128 0.005)
(-0.0246 0.128 0.005)
(-0.0205 0.128 0.005)
(-0.0164 0.128 0.005)
(-0.0123 0.128 0.005)
(-0.0082 0.128 0.005)
(-0.0041 0.128 0.005)
(0 0.128 0.005)
(0.0041 0.128 0.005)
(0.0082 0.128 0.005)
(0.0123 0.128 0.005)
(0.0164 0.128 0.005)
(0.0205 0.128 0.005)
(0.0246 0.128 0.005)
(0.0287 0.128 0.005)
(0.0328 0.128 0.005)
(0.0369 0.128 0.005)
(0.041 0.128 0.005)
(0.0451 0.128 0.005)
(0.0492 0.128 0.005)
(0.0533 0.128 0.005)
(0.0574 0.128 0.005)
(0.0615 0.128 0.005)
(0.0656 0.128 0.005)
(0.0697 0.128 0.005)
(0.0738 0.128 0.005)
(0.0779 0.128 0.005)
(0.082 0.128 0.005)
(-0.083 0.132 0.005)
(-0.07885 0.132 0.005)
(-0.0747 0.132 0.005)
(-0.07055 0.132 0.005)
(-0.0664 0.132 0.005)
(-0.06225 0.132 0.005)
(-0.0581 0.132 0.005)
(-0.05395 0.132 0.005)
(-0.0498 0.132 0.005)
(-0.04565 0.132 0.005)
(-0.0415 0.132 0.005)
(-0.03735 0.132 0.005)
(-0.0332 0.132 0.005)
(-0.02905 0.132 0.005)
(-0.0249 0.132 0.005)
(-0.02075 0.132 0.005)
(-0.0166 0.132 0.005)
(-0.01245 0.132 0.005)
(-0.0083 0.132 0.005)
(-0.00415 0.132 0.005)
(0 0.132 0.005)
(0.00415 0.132 0.005)
(0.0083 0.132 0.005)
(0.01245 0.132 0.005)
(0.0166 0.132 0.005)
(0.02075 0.132 0.005)
(0.0249 0.132 0.005)
(0.02905 0.132 0.005)
(0.0332 0.132 0.005)
(0.03735 0.132 0.005)
(0.0415 0.132 0.005)
(0.04565 0.132 0.005)
(0.0498 0.132 0.005)
(0.05395 0.132 0.005)
(0.0581 0.132 0.005)
(0.06225 0.132 0.005)
(0.0664 0.132 0.005)
(0.07055 0.132 0.005)
(0.0747 0.132 0.005)
(0.07885 0.132 0.005)
(0.083 0.132 0.005)
(-0.084 0.136 0.005)
(-0.0798 0.136 0.005)
(-0.0756 0.136 0.005)
(-0.0714 0.136 0.005)
(-0.0672 0.136 0.005)
(-0.063 0.136 0.005)
(-0.0588 0.136 0.005)
(-0.0546 0.136 0.005)
(-0.0504 0.136 0.005)
(-0.0462 0.136 0.005)
(-0.042 0.136 0.005)
(-0.0378 0.136 0.005)
(-0.0336 0.136 0.005)
(-0.0294 0.136 0.005)
(-0.0252 0.136 0.005)
(-0.021 0.136 0.005)
(-0.0168 0.136 0.005)
(-0.0126 0.136 0.005)
(-0.0084 0.136 0.005)
(-0.0042 0.136 0.005)
(0 0.136 0.005)
(0.0042 0.136 0.005)
(0.0084 0.136 0.005)
(0.0126 0.136 0.005)
(0.0168 0.136 0.005)
(0.021 0.136 0.005)
(0.0252 0.136 0.005)
(0.0294 0.136 0.005)
(0.0336 0.136 0.005)
(0.0378 0.136 0.005)
(0.042 0.136 0.005)
(0.0462 0.136 0.005)
(0.0504 0.136 0.005)
(0.0546 0.136 0.005)
(0.0588 0.136 0.005)
(0.063 0.136 0.005)
(0.0672 0.136 0.005)
(0.0714 0.136 0.005)
(0.0756 0.136 0.005)
(0.0798 0.136 0.005)
(0.084 0.136 0.005)
(-0.085 0.14 0.005)
(-0.08075 0.14 0.005)
(-0.0765 0.14 0.005)
(-0.07225 0.14 0.005)
(-0.068 0.14 0.005)
(-0.06375 0.14 0.005)
(-0.0595 0.14 0.005)
(-0.05525 0.14 0.005)
(-0.051 0.14 0.005)
(-0.04675 0.14 0.005)
(-0.0425 0.14 0.005)
(-0.03825 0.14 0.005)
(-0.034 0.14 0.005)
(-0.02975 0.14 0.005)
(-0.0255 0.14 0.005)
(-0.02125 0.14 0.005)
(-0.017 0.14 0.005)
(-0.01275 0.14 0.005)
(-0.0085 0.14 0.005)
(-0.00425 0.14 0.005)
(0 0.14 0.005)
(0.00425 0.14 0.005)
(0.0085 0.14 0.005)
(0.01275 0.14 0.005)
(0.017 0.14 0.005)
(0.02125 0.14 0.005)
(0.0255 0.14 0.005)
(0.02975 0.14 0.005)
(0.034 0.14 0.005)
(0.03825 0.14 0.005)
(0.0425 0.14 0.005)
(0.04675 0.14 0.005)
(0.051 0.14 0.005)
(0.05525 0.14 0.005)
(0.0595 0.14 0.005)
(0.06375 0.14 0.005)
(0.068 0.14 0.005)
(0.07225 0.14 0.005)
(0.0765 0.14 0.005)
(0.08075 0.14 0.005)
(0.085 0.14 0.005)
(-0.086 0.144 0.005)
(-0.0817 0.144 0.005)
(-0.0774 0.144 0.005)
(-0.0731 0.144 0.005)
(-0.0688 0.144 0.005)
(-0.0645 0.144 0.005)
(-0.0602 0.144 0.005)
(-0.0559 0.144 0.005)
(-0.0516 0.144 0.005)
(-0.0473 0.144 0.005)
(-0.043 0.144 0.005)
(-0.0387 0.144 0.005)
(-0.0344 0.144 0.005)
(-0.0301 0.144 0.005)
(-0.0258 0.144 0.005)
(-0.0215 0.144 0.005)
(-0.0172 0.144 0.005)
(-0.0129 0.144 0.005)
(-0.0086 0.144 0.005)
(-0.0043 0.144 0.005)
(0 0.144 0.005)
(0.0043 0.144 0.005)
(0.0086 0.144 0.005)
(0.0129 0.144 0.005)
(0.0172 0.144 0.005)
(0.0215 0.144 0.005)
(0.0258 0.144 0.005)
(0.0301 0.144 0.005)
(0.0344 0.144 0.005)
(0.0387 0.144 0.005)
(0.043 0.144 0.005)
(0.0473 0.144 0.005)
(0.0516 0.144 0.005)
(0.0559 0.144 0.005)
(0.0602 0.144 0.005)
(0.0645 0.144 0.005)
(0.0688 0.144 0.005)
(0.0731 0.144 0.005)
(0.0774 0.144 0.005)
(0.0817 0.144 0.005)
(0.086 0.144 0.005)
(-0.087 0.148 0.005)
(-0.08265 0.148 0.005)
(-0.0783 0.148 0.005)
(-0.07395 0.148 0.005)
(-0.0696 0.148 0.005)
(-0.06525 0.148 0.005)
(-0.0609 0.148 0.005)
(-0.05655 0.148 0.005)
(-0.0522 0.148 0.005)
(-0.04785 0.148 0.005)
(-0.0435 0.148 0.005)
(-0.03915 0.148 0.005)
(-0.0348 0.148 0.005)
(-0.03045 0.148 0.005)
(-0.0261 0.148 0.005)
(-0.02175 0.148 0.005)
(-0.0174 0.148 0.005)
(-0.01305 0.148 0.005)
(-0.0087 0.148 0.005)
(-0.00435 0.148 0.005)
(0 0.148 0.005)
(0.00435 0.148 0.005)
(0.0087 0.148 0.005)
(0.01305 0.148 0.005)
(0.0174 0.148 0.005)
(0.02175 0.148 0.005)
(0.0261 0.148 0.005)
(0.03045 0.148 0.005)
(0.0348 0.148 0.005)
(0.03915 0.148 0.005)
(0.0435 0.148 0.005)
(0.04785 0.148 0.005)
(0.0522 0.148 0.005)
(0.05655 0.148 0.005)
(0.0609 0.148 0.005)
(0.06525 0.148 0.005)
(0.0696 0.148 0.005)
(0.07395 0.148 0.005)
(0.0783 0.148 0.005)
(0.08265 0.148 0.005)
(0.087 0.148 0.005)
(-0.088 0.152 0.005)
(-0.0836 0.152 0.005)
(-0.0792 0.152 0.005)
(-0.0748 0.152 0.005)
(-0.0704 0.152 0.005)
(-0.066 0.152 0.005)
(-0.0616 0.152 0.005)
(-0.0572 0.152 0.005)
(-0.0528 0.152 0.005)
(-0.0484 0.152 0.005)
(-0.044 0.152 0.005)
(-0.0396 0.152 0.005)
(-0.0352 0.152 0.005)
(-0.0308 0.152 0.005)
(-0.0264 0.152 0.005)
(-0.022 0.152 0.005)
(-0.0176 0.152 0.005)
(-0.0132 0.152 0.005)
(-0.0088 0.152 0.005)
(-0.0044 0.152 0.005)
(0 0.152 0.005)
(0.0044 0.152 0.005)
(0.0088 0.152 0.005)
(0.0132 0.152 0.005)
(0.0176 0.152 0.005)
(0.022 0.152 0.005)
(0.0264 0.152 0.005)
(0.0308 0.152 0.005)
(0.0352 0.152 0.005)
(0.0396 0.152 0.005)
(0.044 0.152 0.005)
(0.0484 0.152 0.005)
(0.0528 0.152 0.005)
(0.0572 0.152 0.005)
(0.0616 0.152 0.005)
(0.066 0.152 0.005)
(0.0704 0.152 0.005)
(0.0748 0.152 0.005)
(0.0792 0.152 0.005)
(0.0836 0.152 0.005)
(0.088 0.152 0.005)
(-0.089 0.156 0.005)
(-0.08455 0.156 0.005)
(-0.0801 0.156 0.005)
(-0.07565 0.156 0.005)
(-0.0712 0.156 0.005)
(-0.06675 0.156 0.005)
(-0.0623 0.156 0.005)
(-0.05785 0.156 0.005)
(-0.0534 0.156 0.005)
(-0.04895 0.156 0.005)
(-0.0445 0.156 0.005)
(-0.04005 0.156 0.005)
(-0.0356 0.156 0.005)
(-0.03115 0.156 0.005)
(-0.0267 0.156 0.005)
(-0.02225 0.156 0.005)
(-0.0178 0.156 0.005)
(-0.01335 0.156 0.005)
(-0.0089 0.156 0.005)
(-0.00445 0.156 0.005)
(0 0.156 0.005)
(0.00445 0.156 0.005)
(0.0089 0.156 0.005)
(0.01335 0.156 0.005)
(0.0178 0.156 0.005)
(0.02225 0.156 0.005)
(0.0267 0.156 0.005)
(0.03115 0.156 0.005)
(0.0356 0.156 0.005)
(0.04005 0.156 0.005)
(0.0445 0.156 0.005)
(0.04895 0.156 0.005)
(0.0534 0.156 0.005)
(0.05785 0.156 0.005)
(0.0623 0.156 0.005)
(0.06675 0.156 0.005)
(0.0712 0.156 0.005)
(0.07565 0.156 0.005)
(0.0801 0.156 0.005)
(0.08455 0.156 0.005)
(0.089 0.156 0.005)
(-0.09 0.16 0.005)
(-0.0855 0.16 0.005)
(-0.081 0.16 0.005)
(-0.0765 0.16 0.005)
(-0.072 0.16 0.005)
(-0.0675 0.16 0.005)
(-0.063 0.16 0.005)
(-0.0585 0.16 0.005)
(-0.054 0.16 0.005)
(-0.0495 0.16 0.005)
(-0.045 0.16 0.005)
(-0.0405 0.16 0.005)
(-0.036 0.16 0.005)
(-0.0315 0.16 0.005)
(-0.027 0.16 0.005)
(-0.0225 0.16 0.005)
(-0.018 0.16 0.005)
(-0.0135 0.16 0.005)
(-0.009 0.16 0.005)
(-0.0045 0.16 0.005)
(0 0.16 0.005)
(0.0045 0.16 0.005)
(0.009 0.16 0.005)
(0.0135 0.16 0.005)
(0.018 0.16 0.005)
(0.0225 0.16 0.005)
(0.027 0.16 0.005)
(0.0315 0.16 0.005)
(0.036 0.16 0.005)
(0.0405 0.16 0.005)
(0.045 0.16 0.005)
(0.0495 0.16 0.005)
(0.054 0.16 0.005)
(0.0585 0.16 0.005)
(0.063 0.16 0.005)
(0.0675 0.16 0.005)
(0.072 0.16 0.005)
(0.0765 0.16 0.005)
(0.081 0.16 0.005)
(0.0855 0.16 0.005)
(0.09 0.16 0.005)
(-0.091 0.164 0.005)
(-0.08645 0.164 0.005)
(-0.0819 0.164 0.005)
(-0.07735 0.164 0.005)
(-0.0728 0.164 0.005)
(-0.06825 0.164 0.005)
(-0.0637 0.164 0.005)
(-0.05915 0.164 0.005)
(-0.0546 0.164 0.005)
(-0.05005 0.164 0.005)
(-0.0455 0.164 0.005)
(-0.04095 0.164 0.005)
(-0.0364 0.164 0.005)
(-0.03185 0.164 0.005)
(-0.0273 0.164 0.005)
(-0.02275 0.164 0.005)
(-0.0182 0.164 0.005)
(-0.01365 0.164 0.005)
(-0.0091 0.164 0.005)
(-0.00455 0.164 0.005)
(0 0.164 0.005)
(0.00455 0.164 0.005)
(0.0091 0.164 0.005)
(0.01365 0.164 0.005)
(0.0182 0.164 0.005)
(0.02275 0.164 0.005)
(0.0273 0.164 0.005)
(0.03185 0.164 0.005)
(0.0364 0.164 0.005)
(0.04095 0.164 0.005)
(0.0455 0.164 0.005)
(0.05005 0.164 0.005)
(0.0546 0.164 0.005)
(0.05915 0.164 0.005)
(0.0637 0.164 0.005)
(0.06825 0.164 0.005)
(0.0728 0.164 0.005)
(0.07735 0.164 0.005)
(0.0819 0.164 0.005)
(0.08645 0.164 0.005)
(0.091 0.164 0.005)
(-0.092 0.168 0.005)
(-0.0874 0.168 0.005)
(-0.0828 0.168 0.005)
(-0.0782 0.168 0.005)
(-0.0736 0.168 0.005)
(-0.069 0.168 0.005)
(-0.0644 0.168 0.005)
(-0.0598 0.168 0.005)
(-0.0552 0.168 0.005)
(-0.0506 0.168 0.005)
(-0.046 0.168 0.005)
(-0.0414 0.168 0.005)
(-0.0368 0.168 0.005)
(-0.0322 0.168 0.005)
(-0.0276 0.168 0.005)
(-0.023 0.168 0.005)
(-0.0184 0.168 0.005)
(-0.0138 0.168 0.005)
(-0.0092 0.168 0.005)
(-0.0046 0.168 0.005)
(0 0.168 0.005)
(0.0046 0.168 0.005)
(0.0092 0.168 0.005)
(0.0138 0.168 0.005)
(0.0184 0.168 0.005)
(0.023 0.168 0.005)
(0.0276 0.168 0.005)
(0.0322 0.168 0.005)
(0.0368 0.168 0.005)
(0.0414 0.168 0.005)
(0.046 0.168 0.005)
(0.0506 0.168 0.005)
(0.0552 0.168 0.005)
(0.0598 0.168 0.005)
(0.0644 0.168 0.005)
(0.069 0.168 0.005)
(0.0736 0.168 0.005)
(0.0782 0.168 0.005)
(0.0828 0.168 0.005)
(0.0874 0.168 0.005)
(0.092 0.168 0.005)
(-0.093 0.172 0.005)
(-0.08835 0.172 0.005)
(-0.0837 0.172 0.005)
(-0.07905 0.172 0.005)
(-0.0744 0.172 0.005)
(-0.06975 0.172 0.005)
(-0.0651 0.172 0.005)
(-0.06045 0.172 0.005)
(-0.0558 0.172 0.005)
(-0.05115 0.172 0.005)
(-0.0465 0.172 0.005)
(-0.04185 0.172 0.005)
(-0.0372 0.172 0.005)
(-0.03255 0.172 0.005)
(-0.0279 0.172 0.005)
(-0.02325 0.172 0.005)
(-0.0186 0.172 0.005)
(-0.01395 0.172 0.005)
(-0.0093 0.172 0.005)
(-0.00465 0.172 0.005)
(0 0.172 0.005)
(0.00465 0.172 0.005)
(0.0093 0.172 0.005)
(0.01395 0.172 0.005)
(0.0186 0.172 0.005)
(0.02325 0.172 0.005)
(0.0279 0.172 0.005)
(0.03255 0.172 0.005)
(0.0372 0.172 0.005)
(0.04185 0.172 0.005)
(0.0465 0.172 0.005)
(0.05115 0.172 0.005)
(0.0558 0.172 0.005)
(0.06045 0.172 0.005)
(0.0651 0.172 0.005)
(0.06975 0.172 0.005)
(0.0744 0.172 0.005)
(0.07905 0.172 0.005)
(0.0837 0.172 0.005)
(0.08835 0.172 0.005)
(0.093 0.172 0.005)
(-0.094 0.176 0.005)
(-0.0893 0.176 0.005)
(-0.0846 0.176 0.005)
(-0.0799 0.176 0.005)
(-0.0752 0.176 0.005)
(-0.0705 0.176 0.005)
(-0.0658 0.176 0.005)
(-0.0611 0.176 0.005)
(-0.0564 0.176 0.005)
(-0.0517 0.176 0.005)
(-0.047 0.176 0.005)
(-0.0423 0.176 0.005)
(-0.0376 0.176 0.005)
(-0.0329 0.176 0.005)
(-0.0282 0.176 0.005)
(-0.0235 0.176 0.005)
(-0.0188 0.176 0.005)
(-0.0141 0.176 0.005)
(-0.0094 0.176 0.005)
(-0.0047 0.176 0.005)
(0 0.176 0.005)
(0.0047 0.176 0.005)
(0.0094 0.176 0.005)
(0.0141 0.176 0.005)
(0.0188 0.176 0.005)
(0.0235 0.176 0.005)
(0.0282 0.176 0.005)
(0.0329 0.176 0.005)
(0.0376 0.176 0.005)
(0.0423 0.176 0.005)
(0.047 0.176 0.005)
(0.0517 0.176 0.005)
(0.0564 0.176 0.005)
(0.0611 0.176 0.005)
(0.0658 0.176 0.005)
(0.0705 0.176 0.005)
(0.0752 0.176 0.005)
(0.0799 0.176 0.005)
(0.0846 0.176 0.005)
(0.0893 0.176 0.005)
(0.094 0.176 0.005)
(-0.095 0.18 0.005)
(-0.09025 0.18 0.005)
(-0.0855 0.18 0.005)
(-0.08075 0.18 0.005)
(-0.076 0.18 0.005)
(-0.07125 0.18 0.005)
(-0.0665 0.18 0.005)
(-0.06175 0.18 0.005)
(-0.057 0.18 0.005)
(-0.05225 0.18 0.005)
(-0.0475 0.18 0.005)
(-0.04275 0.18 0.005)
(-0.038 0.18 0.005)
(-0.03325 0.18 0.005)
(-0.0285 0.18 0.005)
(-0.02375 0.18 0.005)
(-0.019 0.18 0.005)
(-0.01425 0.18 0.005)
(-0.0095 0.18 0.005)
(-0.00475 0.18 0.005)
(0 0.18 0.005)
(0.00475 0.18 0.005)
(0.0095 0.18 0.005)
(0.01425 0.18 0.005)
(0.019 0.18 0.005)
(0.02375 0.18 0.005)
(0.0285 0.18 0.005)
(0.03325 0.18 0.005)
(0.038 0.18 0.005)
(0.04275 0.18 0.005)
(0.0475 0.18 0.005)
(0.05225 0.18 0.005)
(0.057 0.18 0.005)
(0.06175 0.18 0.005)
(0.0665 0.18 0.005)
(0.07125 0.18 0.005)
(0.076 0.18 0.005)
(0.08075 0.18 0.005)
(0.0855 0.18 0.005)
(0.09025 0.18 0.005)
(0.095 0.18 0.005)
(-0.096 0.184 0.005)
(-0.0912 0.184 0.005)
(-0.0864 0.184 0.005)
(-0.0816 0.184 0.005)
(-0.0768 0.184 0.005)
(-0.072 0.184 0.005)
(-0.0672 0.184 0.005)
(-0.0624 0.184 0.005)
(-0.0576 0.184 0.005)
(-0.0528 0.184 0.005)
(-0.048 0.184 0.005)
(-0.0432 0.184 0.005)
(-0.0384 0.184 0.005)
(-0.0336 0.184 0.005)
(-0.0288 0.184 0.005)
(-0.024 0.184 0.005)
(-0.0192 0.184 0.005)
(-0.0144 0.184 0.005)
(-0.0096 0.184 0.005)
(-0.0048 0.184 0.005)
(0 0.184 0.005)
(0.0048 0.184 0.005)
(0.0096 0.184 0.005)
(0.0144 0.184 0.005)
(0.0192 0.184 0.005)
(0.024 0.184 0.005)
(0.0288 0.184 0.005)
(0.0336 0.184 0.005)
(0.0384 0.184 0.005)
(0.0432 0.184 0.005)
(0.048 0.184 0.005)
(0.0528 0.184 0.005)
(0.0576 0.184 0.005)
(0.0624 0.184 0.005)
(0.0672 0.184 0.005)
(0.072 0.184 0.005)
(0.0768 0.184 0.005)
(0.0816 0.184 0.005)
(0.0864 0.184 0.005)
(0.0912 0.184 0.005)
(0.096 0.184 0.005)
(-0.097 0.188 0.005)
(-0.09215 0.188 0.005)
(-0.0873 0.188 0.005)
(-0.08245 0.188 0.005)
(-0.0776 0.188 0.005)
(-0.07275 0.188 0.005)
(-0.0679 0.188 0.005)
(-0.06305 0.188 0.005)
(-0.0582 0.188 0.005)
(-0.05335 0.188 0.005)
(-0.0485 0.188 0.005)
(-0.04365 0.188 0.005)
(-0.0388 0.188 0.005)
(-0.03395 0.188 0.005)
(-0.0291 0.188 0.005)
(-0.02425 0.188 0.005)
(-0.0194 0.188 0.005)
(-0.01455 0.188 0.005)
(-0.0097 0.188 0.005)
(-0.00485 0.188 0.005)
(0 0.188 0.005)
(0.00485 0.188 0.005)
(0.0097 0.188 0.005)
(0.01455 0.188 0.005)
(0.0194 0.188 0.005)
(0.02425 0.188 0.005)
(0.0291 0.188 0.005)
(0.03395 0.188 0.005)
(0.0388 0.188 0.005)
(0.04365 0.188 0.005)
(0.0485 0.188 0.005)
(0.05335 0.188 0.005)
(0.0582 0.188 0.005)
(0.06305 0.188 0.005)
(0.0679 0.188 0.005)
(0.07275 0.188 0.005)
(0.0776 0.188 0.005)
(0.08245 0.188 0.005)
(0.0873 0.188 0.005)
(0.09215 0.188 0.005)
(0.097 0.188 0.005)
(-0.098 0.192 0.005)
(-0.0931 0.192 0.005)
(-0.0882 0.192 0.005)
(-0.0833 0.192 0.005)
(-0.0784 0.192 0.005)
(-0.0735 0.192 0.005)
(-0.0686 0.192 0.005)
(-0.0637 0.192 0.005)
(-0.0588 0.192 0.005)
(-0.0539 0.192 0.005)
(-0.049 0.192 0.005)
(-0.0441 0.192 0.005)
(-0.0392 0.192 0.005)
(-0.0343 0.192 0.005)
(-0.0294 0.192 0.005)
(-0.0245 0.192 0.005)
(-0.0196 0.192 0.005)
(-0.0147 0.192 0.005)
(-0.0098 0.192 0.005)
(-0.0049 0.192 0.005)
(0 0.192 0.005)
(0.0049 0.192 0.005)
(0.0098 0.192 0.005)
(0.0147 0.192 0.005)
(0.0196 0.192 0.005)
(0.0245 0.192 0.005)
(0.0294 0.192 0.005)
(0.0343 0.192 0.005)
(0.0392 0.192 0.005)
(0.0441 0.192 0.005)
(0.049 0.192 0.005)
(0.0539 0.192 0.005)
(0.0588 0.192 0.005)
(0.0637 0.192 0.005)
(0.0686 0.192 0.005)
(0.0735 0.192 0.005)
(0.0784 0.192 0.005)
(0.0833 0.192 0.005)
(0.0882 0.192 0.005)
(0.0931 0.192 0.005)
(0.098 0.192 0.005)
(-0.099 0.196 0.005)
(-0.09405 0.196 0.005)
(-0.0891 0.196 0.005)
(-0.08415 0.196 0.005)
(-0.0792 0.196 0.005)
(-0.07425 0.196 0.005)
(-0.0693 0.196 0.005)
(-0.06435 0.196 0.005)
(-0.0594 0.196 0.005)
(-0.05445 0.196 0.005)
(-0.0495 0.196 0.005)
(-0.04455 0.196 0.005)
(-0.0396 0.196 0.005)
(-0.03465 0.196 0.005)
(-0.0297 0.196 0.005)
(-0.02475 0.196 0.005)
(-0.0198 0.196 0.005)
(-0.01485 0.196 0.005)
(-0.0099 0.196 0.005)
(-0.00495 0.196 0.005)
(0 0.196 0.005)
(0.00495 0.196 0.005)
(0.0099 0.196 0.005)
(0.01485 0.196 0.005)
(0.0198 0.196 0.005)
(0.02475 0.196 0.005)
(0.0297 0.196 0.005)
(0.03465 0.196 0.005)
(0.0396 0.196 0.005)
(0.04455 0.196 0.005)
(0.0495 0.196 0.005)
(0.05445 0.196 0.005)
(0.0594 0.196 0.005)
(0.06435 0.196 0.005)
(0.0693 0.196 0.005)
(0.07425 0.196 0.005)
(0.0792 0.196 0.005)
(0.08415 0.196 0.005)
(0.0891 0.196 0.005)
(0.09405 0.196 0.005)
(0.099 0.196 0.005)
(-0.1 0.2 0.005)
(-0.095 0.2 0.005)
(-0.09 0.2 0.005)
(-0.085 0.2 0.005)
(-0.08 0.2 0.005)
(-0.075 0.2 0.005)
(-0.07 0.2 0.005)
(-0.065 0.2 0.005)
(-0.06 0.2 0.005)
(-0.055 0.2 0.005)
(-0.05 0.2 0.005)
(-0.045 0.2 0.005)
(-0.04 0.2 0.005)
(-0.035 0.2 0.005)
(-0.03 0.2 0.005)
(-0.025 0.2 0.005)
(-0.02 0.2 0.005)
(-0.015 0.2 0.005)
(-0.01 0.2 0.005)
(-0.005 0.2 0.005)
(0 0.2 0.005)
(0.005 0.2 0.005)
(0.01 0.2 0.005)
(0.015 0.2 0.005)
(0.02 0.2 0.005)
(0.025 0.2 0.005)
(0.03 0.2 0.005)
(0.035 0.2 0.005)
(0.04 0.2 0.005)
(0.045 0.2 0.005)
(0.05 0.2 0.005)
(0.055 0.2 0.005)
(0.06 0.2 0.005)
(0.065 0.2 0.005)
(0.07 0.2 0.005)
(0.075 0.2 0.005)
(0.08 0.2 0.005)
(0.085 0.2 0.005)
(0.09 0.2 0.005)
(0.095 0.2 0.005)
(0.1 0.2 0.005)
)


// ************************************************************************* //
